Width: 64
Height: 64
Panels: 1 
16777215 16777215 16777215 16777215 16777215 16777215 16777215 16777215 16777215 16777215 16777215 16777215 16777215 16777215 16777215 16777215 16777215 16777215 16777215 16777215 16777215 16777215 16777215 16777215 16777215 16777215 16777215 16777215 16777215 16777215 16777215 16777215 16777215 16777215 16777215 16777215 16777215 16777215 16777215 16777215 16777215 16777215 16777215 16777215 16777215 16777215 16777215 16777215 16777215 16777215 16777215 16777215 16777215 16777215 16777215 16777215 16777215 16777215 16777215 16777215 16777215 16777215 16777215 16777215 
16777215 16777215 16777215 16777215 16777215 16777215 16777215 16777215 16777215 16777215 16777215 16777215 16777215 16777215 16777215 16777215 16777215 16777215 16777215 16777215 16777215 16777215 16777215 16777215 16777215 16777215 16777215 16777215 16777215 16777215 16777215 16777215 16777215 16777215 16777215 16777215 16777215 16777215 16777215 16777215 16777215 16711422 16777215 16711422 16645629 16711422 16777215 16777215 16777215 16777215 16777215 16777215 16777215 16777215 16777215 16777215 16777215 16777215 16777215 16777215 16777215 16777215 16777215 16777215 
16777215 16777215 16777215 16777215 16777215 16777215 16777215 16777215 16777215 16777215 16777215 16777215 16777215 16777215 16777215 16777215 16777215 16777215 16777215 16777215 16777215 16777215 16777215 16777215 16777215 16777215 16777215 16777215 16777215 16777215 16777215 16777215 16777215 16777215 16777215 16777215 16777215 16777215 16777215 16777215 16777215 16777215 16711678 16777215 16777215 16777215 16711422 16777215 16777215 16777215 16777215 16777215 16777215 16777215 16777215 16777215 16777215 16777215 16777215 16777215 16777215 16777215 16777215 16777215 
16777215 16777215 16777215 16777215 16777215 16777215 16777215 16777215 16777215 16777215 16777215 16777215 16777215 16777215 16777215 16777215 16777215 16777215 16777215 16777215 16777215 16777215 16777215 16777215 16777215 16777215 16777215 16777215 16777215 16777215 16777215 16777215 16777215 16777215 16777215 16777215 16777215 16777215 16711422 16711422 16711678 15263208 16777215 16580092 15066341 16185078 16777215 16711422 16777215 16777215 16777215 16777215 16777215 16777215 16777215 16777215 16777215 16777215 16777215 16777215 16777215 16777215 16777215 16777215 
16777215 16777215 16777215 16777215 16777215 16777215 16777215 16777215 16777215 16777215 16777215 16777215 16777215 16777215 16777215 16777215 16777215 16777215 16777215 16777215 16777215 16777215 16777215 16777215 16777215 16777215 16777215 16777215 16777215 16777215 16777215 16777215 16777215 16777215 16777215 16777215 16777215 16711422 16645629 16777215 16118005 23552 11058600 9670035 0 13092807 16777215 16645629 16777215 16777215 16777215 16777215 16777215 16777215 16777215 16777215 16777215 16777215 16777215 16777215 16777215 16777215 16777215 16777215 
16777215 16777215 16777215 16777215 16777215 16777215 16777215 16777215 16777215 16777215 16777215 16777215 16777215 16777215 16777215 16777215 16777215 16777215 16777215 16777215 16777215 16777215 16777215 16777215 16777215 16777215 16777215 16777215 16777215 16777215 16777215 16777215 16777215 16777215 16777215 16777215 16645629 16777215 16777215 13354443 5535316 4313921 36608 28672 2475557 5346129 14869218 16777215 16711422 16777215 16777215 16777215 16777215 16777215 16777215 16777215 16777215 16645629 16645885 16645629 16711422 16645629 16777215 16777215 
16777215 16777215 16777215 16777215 16777215 16777215 16777215 16777215 16777215 16777215 16777215 16777215 16777215 16777215 16777215 16777215 16777215 16777215 16777215 16777215 16777215 16777215 16777215 16777215 16777215 16777215 16777215 16777215 16777215 16777215 16777215 16777215 16777215 16777215 16777215 16645629 16777215 15592685 10329501 152834 50176 3717432 3887675 3980860 4165695 35328 8889479 16777215 16711422 16777215 16777215 16777215 16777215 16777215 16777215 16711422 16711422 16777215 16777215 16777215 16777215 16777215 16777215 16711422 
16777215 16777215 16777215 16777215 16777215 16777215 16777215 16777215 16777215 16777215 16777215 16777215 16777215 16777215 16777215 16777215 16777215 16777215 16777215 16777215 16777215 16777215 16777215 16777215 16777215 16777215 16777215 16777215 16777215 16777215 16777215 16777215 16777215 16777215 16711422 16777215 15592173 6596196 43520 3510069 50432 9212044 15724271 10662562 13748689 10405022 8361087 16777215 16711422 16777215 16777215 16777215 16777215 16777215 16711422 16777215 16777215 14341338 14148311 14341850 16118773 14209752 16777215 16777215 
16777215 16777215 16777215 16777215 16777215 16777215 16777215 16777215 16777215 16777215 16777215 16777215 16777215 16777215 16777215 16777215 16777215 16777215 16777215 16777215 16777215 16777215 16777215 16777215 16777215 16777215 16777215 16777215 16777215 16777215 16777215 16777215 16777215 16777215 16645629 16777215 11579312 45824 4968011 3183920 47872 10330525 12105656 5458515 8553858 3084335 9538193 16777215 16579836 16711678 16711678 16711422 16711422 16645629 16645629 16777215 11843252 38656 49664 40960 7510130 42496 8427392 14934499 
16777215 16777215 16777215 16777215 16777215 16777215 16777215 16777215 16777215 16777215 16777215 16777215 16777215 16777215 16777215 16777215 16777215 16777215 16777215 16777215 16777215 16777215 16777215 16777215 16777215 16777215 16777215 16777215 16777215 16777215 16777215 16777215 16777215 16777215 16579836 16777215 12499646 44032 4247872 3984700 47360 10396830 7368560 0 4733512 5791576 6390625 16316152 16777215 16777215 16777215 16777215 16777215 16777215 16777215 14670303 24320 3983164 3714616 3920443 34304 4442179 34048 13552334 
16777215 16777215 16777215 16777215 16777215 16777215 16777215 16777215 16777215 16777215 16777215 16777215 16777215 16777215 16777215 16777215 16777215 16777215 16777215 16777215 16777215 16777215 16777215 16777215 16777215 16777215 16777215 16777215 16777215 16777215 16777215 16777215 16777215 16711422 16777215 15657454 5020492 2871851 3525173 4116542 46592 10330013 15065829 7963001 12042167 10857637 47872 8627075 13551566 8362623 8692868 14539741 15854577 15592685 15524588 8560770 378117 2450469 0 2730025 2321187 3308338 40448 13881299 
16777215 16777215 16777215 16777215 16777215 16777215 16777215 16777215 16777215 16777215 16777215 16777215 16777215 16777215 16777215 16777215 16777215 16777215 16777215 16777215 16777215 16777215 16777215 16777215 16777215 16777215 16777215 16777215 16777215 16777215 16777215 16777215 16777215 16645629 16777215 16513531 8166012 41216 3854394 3855418 183042 7773046 11314604 3914043 3982652 2338595 3647799 33792 43264 49408 33280 36864 1871132 285700 32768 32512 3392819 1990686 1523735 1204498 1867804 3107631 40448 13683920 
16777215 16777215 16777215 16777215 16777215 16777215 16777215 16777215 16777215 16777215 16777215 16777215 16777215 16777215 16777215 16777215 16777215 16777215 16777215 16777215 16777215 16777215 16777215 16777215 16777215 16777215 16777215 16777215 16777215 16777215 16777215 16777215 16711422 16777215 16514043 10131866 6059612 2012958 3524917 2797354 3126063 30464 41728 3200048 3133231 3001389 25088 3854138 3657271 3048494 3182128 3261745 1996318 3128879 3396147 3654967 3196208 1732122 2862635 3062318 3852858 40192 8622211 16645373 
16777215 16777215 16777215 16777215 16777215 16777215 16777215 16777215 16777215 16777215 16777215 16777215 16777215 16777215 16777215 16777215 16777215 16777215 16777215 16777215 16777215 16777215 16777215 16777215 16777215 16777215 16777215 16777215 16777215 16777215 16777215 16711422 16777215 16777215 8878983 33024 2151456 2858283 407814 1867548 2660136 1820443 51200 3392051 2804010 4632646 9806997 2276898 3455540 3127855 3462452 2856491 306692 2805546 3656247 3657271 3459892 3394867 3395123 3658551 4840009 44544 9024137 16777215 
16777215 16777215 16777215 16777215 16777215 16777215 16777215 16777215 16777215 16777215 16777215 16777215 16777215 16777215 16777215 16777215 16777215 16777215 16777215 16777215 16777215 16777215 16777215 16777215 16777215 16777215 16777215 16777215 16777215 16777215 16777215 16711422 16777215 14276825 36096 4249664 3456564 1270803 1534743 2659368 34816 6451298 9149835 1473814 1089808 4690503 10714019 107009 841996 3068718 3854394 38656 6265951 5424978 2609447 1296403 2936620 3526965 3724088 900621 41984 6013531 12439997 16777215 
16777215 16777215 16777215 16777215 16777215 16777215 16777215 16777215 16777215 16777215 16777215 16777215 16777215 16777215 16777215 16777215 16777215 16777215 16777215 16777215 16777215 16777215 16777215 16777215 16777215 16777215 16777215 16777215 16777215 16777215 16777215 16645885 16777215 9017737 51200 3916603 2265634 3460660 3527477 3722808 1296915 7184493 9872534 3001901 3461172 3192880 40448 5284176 10205595 3571254 34048 5281616 13750737 7187821 48384 7002474 4367170 1933853 34048 9281677 8153980 15789040 16777215 16645885 
16777215 16777215 16777215 16777215 16777215 16777215 16777215 16777215 16777215 16777215 16777215 16777215 16777215 16777215 16777215 16777215 16777215 16777215 16777215 16777215 16777215 16777215 16777215 16777215 16777215 16777215 16777215 16777215 16777215 16777215 16777215 16711422 16777215 9280909 50688 4246336 3262257 3460148 3393843 3328818 3657272 1231376 49920 3527229 3592247 2347555 1496598 49920 8493441 6590308 48384 3258673 6474082 2799914 2720809 11712178 7170925 768011 1094160 7695989 13158856 16777215 16645629 16777215 
16777215 16777215 16777215 16777215 16777215 16777215 16777215 16777215 16777215 16777215 16777215 16777215 16777215 16777215 16777215 16777215 16777215 16777215 16777215 16777215 16777215 16777215 16777215 16777215 16777215 16777215 16777215 16777215 16777215 16777215 16777215 16645885 16777215 10398366 42496 3461428 4052541 3723832 3789625 3394611 3329330 3657017 3651856 3192320 2207765 5144911 6852712 6592612 5669206 6195294 7052651 5947226 28416 3196720 3987516 34304 1086224 4513860 32000 10657186 16777215 16777215 16711422 16777215 
16777215 16777215 16777215 16777215 16777215 16777215 16777215 16777215 16777215 16777215 16777215 16777215 16777215 16777215 16777215 16777215 16777215 16777215 16777215 16777215 16777215 16777215 16777215 16777215 16777215 16777215 16777215 16777215 16777215 16777215 16777215 16711422 16777215 16185078 11908277 4889162 37632 37888 38656 3131951 3460406 1733888 1676666 3390613 0 12892866 16777215 16512763 16710398 16579068 16775935 15922418 11513263 3580214 1232914 4970571 4379202 36864 11121321 16777215 16777215 16711422 16777215 16777215 
16777215 16777215 16777215 16777215 16777215 16777215 16777215 16777215 16777215 16777215 16777215 16777215 16777215 16777215 16777215 16777215 16777215 16777215 16777215 16777215 16777215 16777215 16777215 16777215 16777215 16777215 16777215 16777215 16777215 16777215 16777215 16777215 16711422 16777215 16777215 15591661 14933475 15196647 14735328 5545556 2085413 2456576 2942395 4456414 18454 13091266 16777215 16711678 16777215 16777215 16777215 16777215 16777215 10263708 25600 42752 41216 11051688 16777215 16777215 16711422 16777215 16777215 16777215 
16777215 16777215 16777215 16777215 16777215 16777215 16777215 16777215 16777215 16777215 16777215 16777215 16777215 16777215 16777215 16777215 16777215 16777215 16777215 16777215 16777215 16777215 16777215 16777215 16777215 16777215 16777215 16777215 16777215 16777215 16777215 16777215 16777215 16711422 16645629 16777215 16777215 16777215 16777215 5865561 1561886 3055104 2609837 4259793 40307 13089985 16777215 16514043 16777215 16711422 16777215 16711422 16580092 16777215 14538973 11973558 13092295 16777215 16777215 16711422 16777215 16777215 16777215 16777215 
16777215 16777215 16777215 16777215 16777215 16777215 16777215 16777215 16777215 16777215 16777215 16777215 16777215 16777215 16777215 16777215 16777215 16777215 16777215 16777215 16777215 16777215 16777215 16777215 16777215 16777215 16777215 16777215 16777215 16777215 16777215 16777215 16777215 16777215 16777215 16645629 16645885 16777215 10524832 22272 3589175 2728985 1410932 2535563 568455 5075044 15130852 16777215 16645885 16777215 16777215 16777215 16777215 16711422 16777215 16777215 16777215 16777215 16711422 16777215 16777215 16777215 16777215 16777215 
16777215 16777215 16777215 16777215 16777215 16777215 16777215 16777215 16777215 16777215 16777215 16777215 16777215 16777215 16777215 16777215 16777215 16777215 16777215 16777215 16777215 16777215 16777215 16777215 16777215 16777215 16777215 16777215 16777215 16777215 16777215 16777215 16777215 16777215 16777215 16711422 16777215 11055784 38144 3722040 3593530 2331136 2742708 3473360 3997651 45959 3371008 15132903 16777215 16711422 16777215 16777215 16777215 16777215 16711422 16645629 16645629 16777215 16777215 16777215 16777215 16777215 16777215 16777215 
16777215 16777215 16777215 16777215 16777215 16777215 16777215 16777215 16777215 16777215 16777215 16777215 16777215 16777215 16777215 16777215 16777215 16777215 16777215 16777215 16777215 16777215 16777215 16777215 16777215 16777215 16777215 16777215 16777215 16777215 16777215 16777215 16777215 16777215 16711422 16777215 15460587 4101950 2807082 3787577 3461432 2862080 3074488 3538901 3407824 4192972 39736 5804111 16381434 16777215 16711422 16777215 16777215 16777215 16777215 16777215 16777215 16777215 16777215 16777215 16777215 16777215 16777215 16777215 
16777215 16777215 16777215 16777215 16777215 16777215 16777215 16777215 16777215 16777215 16777215 16777215 16777215 16777215 16777215 16777215 16777215 16777215 16777215 16777215 16777215 16777215 16777215 16777215 16777215 16777215 16777215 16777215 16777215 16777215 16777215 16777215 16777215 16777215 16645629 16777215 11578544 45312 4379202 3263026 3461431 2862853 2741414 3141824 3140795 3139004 34867 5083716 16249591 16777215 16711422 16777215 16777215 16777215 16777215 16777215 16777215 16777215 16777215 16777215 16777215 16777215 16777215 16777215 
16777215 16777215 16777215 16777215 16777215 16777215 16777215 16777215 16777215 16777215 16777215 16777215 16777215 16777215 16777215 16777215 16777215 16777215 16777215 16777215 16777215 16777215 16777215 16777215 16777215 16777215 16777215 16777215 16777215 16777215 16777215 16777215 16777215 16777215 16645629 16777215 12570815 47104 4247616 3328562 3527736 2397184 1411447 2275216 2142090 2403215 572017 4493370 16249335 16777215 16711422 16777215 16777215 16777215 16777215 16777215 16777215 16777215 16777215 16777215 16777215 16777215 16777215 16777215 
16777215 16777215 16777215 16777215 16777215 16777215 16777215 16777215 16777215 16777215 16777215 16777215 16777215 16777215 16777215 16777215 16777215 16777215 16777215 16777215 16777215 16777215 16777215 16777215 16777215 16777215 16777215 16777215 16777215 16777215 16777215 16777215 16777215 16711422 16777215 15130598 6205534 2609703 3590966 3328564 3527476 2730539 2942652 3604438 3473359 3866584 1308595 7180895 16381690 16777215 16711422 16777215 16777215 16777215 16777215 16777215 16777215 16777215 16777215 16777215 16777215 16777215 16777215 16777215 
16777215 16777215 16777215 16777215 16777215 16777215 16777215 16777215 16777215 16777215 16777215 16777215 16777215 16777215 16777215 16777215 16777215 16777215 16777215 16777215 16777215 16777215 16777215 16777215 16777215 16777215 16777215 16777215 16777215 16777215 16777215 16777215 16777215 16711422 16777215 7890808 32000 4314433 3263025 3460923 3259904 2936717 3604441 3407821 3341257 4194259 53664 14143443 16777215 16645629 16777215 16777215 16777215 16777215 16777215 16777215 16777215 16777215 16777215 16777215 16777215 16777215 16777215 16777215 
16777215 16777215 16777215 16777215 16777215 16777215 16777215 16777215 16777215 16777215 16777215 16777215 16777215 16777215 16777215 16777215 16777215 16777215 16777215 16777215 16777215 16777215 16777215 16777215 16777215 16777215 16777215 16777215 16777215 16777215 16777215 16777215 16777215 16711422 16777215 8222845 39936 4051773 3328562 3461177 3062016 1675122 2875314 3140796 3407820 4128724 53408 12562102 16777215 16711422 16777215 16777215 16777215 16777215 16777215 16777215 16777215 16777215 16777215 16777215 16777215 16777215 16777215 16777215 
16777215 16777215 16777215 16777215 16777215 16777215 16777215 16777215 16777215 16777215 16777215 16777215 16777215 16777215 16777215 16777215 16777215 16777215 16777215 16777215 16777215 16777215 16777215 16777215 16777215 16777215 16777215 16777215 16777215 16777215 16777215 16777215 16777215 16645885 16777215 8822918 50944 4050237 3328562 3527225 3195169 1607783 2408089 2941107 3473359 3669966 1897665 3965291 16118515 16777215 16711422 16777215 16777215 16777215 16777215 16777215 16777215 16777215 16777215 16777215 16777215 16777215 16777215 16777215 
16777215 16777215 16777215 16777215 16777215 16777215 16777215 16777215 16777215 16777215 16777215 16777215 16777215 16777215 16777215 16777215 16777215 16777215 16777215 16777215 16777215 16777215 16777215 16777215 16777215 16777215 16777215 16777215 16777215 16777215 16777215 16777215 16711422 16777215 16381689 7062635 51968 3853369 3395127 3261217 1734179 3208132 3604438 3473359 3407563 3407307 4128723 60087 11776947 16777215 16645629 16777215 16777215 16777215 16777215 16777215 16777215 16777215 16777215 16777215 16777215 16777215 16777215 16777215 
16777215 16777215 16777215 16777215 16777215 16777215 16777215 16777215 16777215 16777215 16777215 16777215 16777215 16777215 16777215 16777215 16777215 16777215 16777215 16777215 16777215 16777215 16777215 16777215 16777215 16777215 16777215 16777215 16777215 16711422 16711422 16711422 16777215 16776959 7761014 45568 4051517 3262770 3527736 2729989 2010772 3473359 3341513 3407307 3407820 3407563 3735244 1834955 5160348 15525352 16777215 16711422 16777215 16777215 16777215 16777215 16777215 16777215 16777215 16777215 16777215 16777215 16777215 16777215 
16777215 16777215 16777215 16777215 16777215 16777215 16777215 16777215 16777215 16777215 16777215 16777215 16777215 16777215 16777215 16777215 16777215 16777215 16777215 16777215 16777215 16777215 16777215 16777215 16777215 16777215 16777215 16777215 16711422 16777215 16777215 16711422 16777215 13750737 39680 3920187 3394355 3395130 3326720 2934907 3604441 3473359 3473358 3473358 3473358 3473358 3342284 4390872 52379 14602710 16777215 16645629 16777215 16777215 16777215 16777215 16777215 16777215 16777215 16777215 16777215 16777215 16777215 16777215 
16777215 16777215 16777215 16777215 16777215 16777215 16777215 16777215 16777215 16777215 16777215 16777215 16777215 16777215 16777215 16777215 16777215 16777215 16777215 16777215 16777215 16777215 16777215 16777215 16777215 16711422 16711422 16777215 16777215 16250871 15658478 16711422 16777215 13290698 1484054 3526197 3460148 3394613 3394603 2399813 1743490 2674339 2008195 2075271 2075014 2075014 2074758 2731659 35432 9935256 16777215 16711678 16777215 16777215 16777215 16777215 16777215 16777215 16777215 16777215 16777215 16777215 16777215 16777215 
16777215 16777215 16777215 16777215 16777215 16777215 16777215 16777215 16777215 16777215 16777215 16777215 16777215 16777215 16777215 16777215 16777215 16777215 16777215 16777215 16777215 16777215 16777215 16777215 16777215 16777215 16777215 16514299 16777215 12040375 0 11250859 16777215 10531232 32768 3650359 3527221 3328306 3461432 3128602 262144 2609063 3341256 3274179 3274180 3274180 3274436 3470531 2752203 888432 14669530 16777215 16711422 16777215 16777215 16777215 16777215 16777215 16777215 16777215 16777215 16777215 16777215 16777215 
16777215 16777215 16777215 16777215 16777215 16777215 16777215 16777215 16777215 16777215 16777215 16777215 16777215 16777215 16777215 16777215 16777215 16777215 16777215 16777215 16777215 16711422 16711422 16777215 16645885 15329513 15657966 16777215 16777215 10529440 35328 28672 8020858 5092941 235267 3125807 3527477 3328563 3394357 3460651 3197007 3274436 3473359 3407821 3473358 3473358 3473358 3342284 4456405 31057 10984096 16777215 16645629 16777215 16777215 16777215 16777215 16777215 16777215 16777215 16777215 16777215 16777215 16777215 
16777215 16777215 16777215 16777215 16777215 16777215 16777215 16777215 16777215 16777215 16777215 16777215 16777215 16777215 16777215 16777215 16777215 16777215 16777215 16777215 16711422 16777215 16777215 16777215 15987187 1592344 29440 15197927 15459563 7424 3108655 3053102 24576 1683737 3391027 2199841 3460660 3394867 3394354 3461436 3127296 1942146 3538902 3341513 3341770 3341770 3341770 3473359 4390875 33371 11642025 16777215 16645629 16777215 16777215 16777215 16777215 16777215 16777215 16777215 16777215 16777215 16777215 16777215 
16777215 16777215 16777215 16777215 16777215 16777215 16777215 16777215 16777215 16777215 16777215 16777215 16777215 16777215 16777215 16777215 16777215 16777215 16777215 16711422 16777215 16513787 16250103 16777215 16580092 4815433 29440 4421955 6916713 1678361 2996781 3526965 3451700 2860331 3594294 1999134 2331939 3460916 3394611 3395125 3261487 1734436 2741674 3538902 3538898 3538899 3538898 3401143 55209 5542012 15986416 16777215 16711422 16777215 16777215 16777215 16777215 16777215 16777215 16777215 16777215 16777215 16777215 16777215 
16777215 16777215 16777215 16777215 16777215 16777215 16777215 16777215 16777215 16777215 16777215 16777215 16777215 16777215 16777215 16777215 16777215 16777215 16777215 16711678 16777215 10331037 7840631 11778739 10459551 3311410 2662184 2144288 52736 3657783 3460916 3527733 2531110 2664488 3526965 3527221 2863659 2398500 3460660 3394354 3394871 3526689 2664238 2075270 2075527 1809022 2674340 3400116 47761 7312775 16776446 16777215 16777215 16777215 16777215 16777215 16777215 16777215 16777215 16777215 16777215 16777215 16777215 16777215 
16777215 16777215 16777215 16777215 16777215 16777215 16777215 16777215 16777215 16777215 16777215 16777215 16777215 16777215 16777215 16777215 16777215 16777215 16645629 16645629 16777215 6984554 37632 3840 16384 3131439 3593526 3657527 3787833 3328818 3328306 3527477 2464805 2663976 3527477 3394355 3328562 1867292 3527477 3460660 3328562 3394870 3460915 3193856 2994176 526592 2809266 4325339 56748 13881553 16777215 16645885 16777215 16777215 16777215 16777215 16777215 16777215 16777215 16777215 16777215 16777215 16777215 16777215 
16777215 16777215 16777215 16777215 16777215 16777215 16777215 16777215 16777215 16777215 16777215 16777215 16777215 16777215 16777215 16777215 16711422 16777215 16777215 16777215 14145751 2654504 3178544 3777849 4049725 3526709 3328306 3394355 3394611 3394355 3328562 3460404 3653687 3587894 3526965 3394355 3460916 2531622 2464549 3328306 3527477 3328562 3328307 2930230 3062833 2332984 3404486 3276758 48014 14997725 16777215 16645629 16777215 16777215 16777215 16777215 16777215 16777215 16777215 16777215 16777215 16777215 16777215 16777215 
16777215 16777215 16777215 16777215 16777215 16777215 16777215 16777215 16777215 16777215 16777215 16777215 16777215 16777215 16777215 16711422 16777215 16448250 13355723 13947860 9077898 24320 3716664 3462196 3394611 3328818 3394611 3394099 4050237 4248128 4313665 4116542 53504 30720 2796842 3461172 3460916 3129391 1932829 2265378 2597671 3460916 2398757 2863405 2463791 196608 2873517 1630388 13028040 16777215 16711422 16777215 16777215 16777215 16777215 16777215 16777215 16777215 16777215 16777215 16777215 16777215 16777215 16777215 
16777215 16777215 16777215 16777215 16777215 16777215 16777215 16777215 16777215 16777215 16777215 16777215 16777215 16777215 16711422 16579836 16777215 15658222 18944 17408 34560 3986492 3329842 3394099 3328818 3656759 3984956 3724344 50432 44544 44544 46848 7389552 6985322 2198561 3461684 3394099 3394867 3593526 3328306 2464549 2597672 3660342 2399266 1804288 2267521 48788 5467220 16644347 16777215 16711422 16777215 16777215 16777215 16777215 16777215 16777215 16777215 16777215 16777215 16777215 16777215 16777215 16777215 
16777215 16777215 16777215 16777215 16777215 16777215 16777215 16777215 16777215 16777215 16777215 16777215 16777215 16711422 16777215 16777215 16777215 16250615 3626039 3186480 3985980 3328818 3394355 3394099 4247872 2805546 48384 37632 10997671 12171193 11776691 12303291 16711166 15855089 3052590 3068462 3525429 3394611 3328306 3461428 3262002 1202704 2531367 2128954 3506068 2260795 434211 3498283 16119030 16777215 16711422 16777215 16777215 16777215 16777215 16777215 16777215 16777215 16777215 16777215 16777215 16777215 16777215 16777215 
16777215 16777215 16777215 16777215 16777215 16777215 16777215 16777215 16777215 16777215 16777215 16777215 16711422 16777215 16316664 14934243 15329257 14275289 2586151 3068206 3525685 3328306 3722296 3790393 44544 1794331 10201755 15262440 16777215 16777215 16777215 16777215 16777215 16381945 2235426 2538534 3657783 3394355 3394355 3460659 3195189 14592 3252844 4440734 3919721 3788603 44544 7956602 16514299 16777215 16711422 16777215 16777215 16777215 16777215 16777215 16777215 16777215 16777215 16777215 16777215 16777215 16777215 16777215 
16777215 16777215 16777215 16777215 16777215 16777215 16777215 16777215 16777215 16777215 16777215 16777215 16645629 16777215 14342618 9216 28928 8960 2864171 3461172 3459380 4379714 1558295 36864 10726819 15064805 16777215 16777215 12632512 10527392 13223113 16513019 12039863 10793892 2453541 2666792 3592758 3394099 3394355 3460916 3128879 2199072 3460918 2996271 3197952 4379971 40960 13749713 16777215 16645629 16777215 16777215 16777215 16777215 16777215 16777215 16777215 16777215 16777215 16777215 16777215 16777215 16777215 16777215 
16777215 16777215 16777215 16777215 16777215 16777215 16777215 16777215 16777215 16777215 16777215 16777215 16580092 16777215 14671071 28928 3704632 3257649 3395891 3656247 3723576 43008 7643764 15459307 16777215 16777215 16711166 11516847 43008 45824 30208 6657125 45056 47616 3394099 3328306 3394611 3394611 3328562 3527221 2863659 2464549 3461427 3395121 3590971 3001645 3776825 14802401 16777215 16645629 16777215 16777215 16777215 16777215 16777215 16777215 16777215 16777215 16777215 16777215 16777215 16777215 16777215 16777215 
16777215 16777215 16777215 16777215 16777215 16777215 16777215 16777215 16777215 16777215 16777215 16777215 16777215 16710910 14078934 7680 3520053 3461172 3984956 2544422 2598183 12762562 16184054 16777215 16580092 16777215 15525612 34816 3856442 4575557 3526965 52224 4182335 4182079 3394611 3394867 3394355 3394099 3526965 2996525 1069328 3394355 3394867 3328563 4116286 49920 9937815 16777215 16645885 16777215 16777215 16777215 16777215 16777215 16777215 16777215 16777215 16777215 16777215 16777215 16777215 16777215 16777215 16777215 
16777215 16777215 16777215 16777215 16777215 16777215 16777215 16777215 16777215 16777215 16579836 16777215 13290954 3697208 4411459 2601255 3461428 3919419 2146592 36864 14013397 16777215 16777215 16645629 16711166 16777215 15591661 2461989 3395891 3394099 3459636 3787577 3394355 3328818 3394355 3394099 3460404 3459892 3460404 2398244 2797098 3461172 3394355 3328818 4313409 42496 8686724 16777215 16711422 16777215 16777215 16777215 16777215 16777215 16777215 16777215 16777215 16777215 16777215 16777215 16777215 16777215 16777215 16777215 
16777215 16777215 16777215 16777215 16777215 16777215 16777215 16711422 16711422 16711422 16777215 16777215 6652773 25856 2534694 3593014 4247104 2738473 16128 14077654 16777215 16579836 16711422 16777215 16711422 16777215 15525612 1677081 3396659 3459636 3527477 3461940 3591222 3984444 3854394 3790137 3590454 3855930 2991405 1799707 3593782 3394099 3394611 3525173 3003437 5019980 14603998 16777215 16711422 16777215 16777215 16777215 16777215 16777215 16777215 16777215 16777215 16777215 16777215 16777215 16777215 16777215 16777215 16777215 
16777215 16777215 16777215 16777215 16777215 16777215 16711422 16777215 16777215 16777215 13816530 15066085 8881543 28416 4772424 4248128 52224 40192 14012885 16777215 16645629 16777215 16777215 16777215 16711422 16777215 15789552 942862 3065902 3525941 2465317 2726697 2279714 52224 45824 38400 25600 34560 34304 1473814 3526709 3328818 3394355 4116286 48640 13163464 16777215 16645629 16777215 16777215 16777215 16777215 16777215 16777215 16777215 16777215 16777215 16777215 16777215 16777215 16777215 16777215 16777215 16777215 
16777215 16777215 16777215 16777215 16711422 16711422 16777215 16447994 16777215 14606046 21504 4945227 5473619 2804522 46336 43520 6459234 14013909 16777215 16580092 16777215 16777215 16777215 16777215 16645629 16777215 14934499 34048 3459892 3460148 3060782 1812251 5603925 7180397 11713458 15459307 15000036 15197159 14800865 5410130 2019102 3656759 3263025 4444739 16896 12564415 16777215 16645373 16777215 16777215 16777215 16777215 16777215 16777215 16777215 16777215 16777215 16777215 16777215 16777215 16777215 16777215 16777215 16777215 
16777215 16777215 16711422 16645629 16777215 16777215 16777215 10004632 11188138 13419724 21504 4112446 52480 830220 11776691 13092039 16644861 16777215 16711422 16777215 16777215 16777215 16777215 16711422 16777215 15263208 4811337 1887516 3788601 3328818 4380226 49664 10198683 16777215 16777215 16777215 16777215 16777215 16776703 6131037 1035791 3722040 3789369 1822491 6652261 15460843 16777215 16711422 16777215 16777215 16777215 16777215 16777215 16777215 16777215 16777215 16777215 16777215 16777215 16777215 16777215 16777215 16777215 16777215 
16777215 16711422 16777215 16777215 15921906 11053224 14737632 4423235 28672 6271071 42496 43264 7050603 13421516 16777215 16777215 16777215 16711422 16777215 16777215 16777215 16777215 16777215 16579836 16777215 13486541 38912 4444995 3263025 3394099 3854650 45568 12238266 16777215 16645629 16645629 16448250 16777215 12300731 32512 4051773 3526197 3259441 31488 12564159 16776959 16777215 16645629 16711678 16711678 16645629 16645629 16777215 16777215 16777215 16777215 16777215 16777215 16777215 16777215 16777215 16777215 16777215 16777215 
16711422 16777215 14737632 11184810 5789784 0 0 35584 17920 29184 12174265 13617103 16513275 16777215 16645885 16645629 16777215 16777215 16777215 16777215 16777215 16777215 16711422 16777215 16777215 9405839 34048 3855162 3394355 3789625 834572 5793368 16513787 16777215 16711422 16645629 16777215 15855345 6069596 707082 3920187 2929964 2200097 3186736 40192 7379568 13090247 16777215 16777215 16777215 16777215 16777215 16711422 16777215 16777215 16777215 16777215 16777215 16777215 16777215 16777215 16777215 16777215 16777215 
16711422 16777215 16448250 14408667 9342606 10197915 10066585 10202779 9409935 12761538 16777215 16777215 16777215 16645885 16777215 16777215 16777215 16777215 16777215 16777215 16777215 16777215 16645885 16777215 14473177 35840 3327542 3259191 3261744 3851578 38144 13354443 16777215 16645629 16711422 16777215 15591917 6258271 51456 4116030 3263537 3195952 3394867 3462196 3986748 50432 29696 12764610 12174010 12041657 14407388 14803169 16777215 16711421 16777215 16777215 16777215 16777215 16777215 16777215 16777215 16777215 16777215 16777215 
16777215 16711422 16777215 16777215 16777215 16777215 16777215 16777215 16777215 16777215 16711422 16645629 16711422 16777215 16777215 16777215 16777215 16777215 16777215 16777215 16777215 16777215 16711678 16777215 9218975 52753 4644408 2526208 3455289 4171838 35584 13684688 16777215 16645629 16645629 16777215 11644593 38400 5035340 3722040 3919419 3986236 3787833 3328050 3788601 3647286 3254835 34048 39936 47616 25088 24576 14539480 16777215 16645629 16777215 16777215 16777215 16777215 16777215 16777215 16777215 16777215 16777215 
16777215 16777215 16711422 16711422 16645629 16645629 16645629 16645885 16645629 16711422 16777215 16777215 16777215 16777215 16777215 16777215 16777215 16777215 16777215 16777215 16777215 16645629 16777215 14144212 36486 39962 44610 43644 22272 29696 3708727 15263208 16777215 16711422 16645629 16777215 11842740 45568 1757210 51968 49920 45056 380421 4379202 52224 2541352 4443449 4373342 1745021 3465371 3454858 0 9090484 16644601 16777215 16711422 16777215 16777215 16777215 16777215 16777215 16777215 16777215 16777215 
16777215 16777215 16777215 16777215 16777215 16777215 16777215 16777215 16777215 16777215 16777215 16777215 16777215 16777215 16777215 16777215 16777215 16777215 16777215 16777215 16777215 16711422 16777215 16119542 14538969 15130083 13685465 11650505 11577260 14473693 15657710 16777215 16711422 16777215 16711422 16777215 15790320 8625539 6787175 7378800 7179373 7304559 6593380 45312 6788711 4236354 47360 26624 7177107 7905193 6983318 13818072 15005430 16250356 16777215 16711422 16777215 16777215 16777215 16777215 16777215 16777215 16777215 16777215 
16777215 16777215 16777215 16777215 16777215 16777215 16777215 16777215 16777215 16777215 16777215 16777215 16777215 16777215 16777215 16777215 16777215 16777215 16777215 16777215 16777215 16777215 16711422 16777215 16777215 16777215 16777215 16776958 16777215 16777215 16777215 16645629 16777215 16777215 16777215 16711422 16777215 16776703 16776191 16776191 16776447 16777215 16184054 11776947 16381433 14671071 11382190 12565949 16513271 16776186 16710394 16777215 16777215 16777215 16711422 16777215 16777215 16777215 16777215 16777215 16777215 16777215 16777215 16777215 
16777215 16777215 16777215 16777215 16777215 16777215 16777215 16777215 16777215 16777215 16777215 16777215 16777215 16777215 16777215 16777215 16777215 16777215 16777215 16777215 16777215 16777215 16777215 16711422 16645629 16645629 16711422 16711679 16711422 16645629 16711422 16777215 16777215 16777215 16777215 16777215 16711422 16777215 16777215 16777215 16777215 16777215 16777215 16777215 16777215 16777215 16777215 16777215 16777215 16777215 16777215 16711422 16645886 16776958 16777215 16777215 16777215 16777215 16777215 16777215 16777215 16777215 16777215 16777215 
16777215 16777215 16777215 16777215 16777215 16777215 16777215 16777215 16777215 16777215 16777215 16777215 16777215 16777215 16777215 16777215 16777215 16777215 16777215 16777215 16777215 16777215 16777215 16777215 16777215 16777215 16777215 16777215 16777215 16777215 16777215 16777215 16777215 16777215 16777215 16777215 16777215 16777215 16776959 16711422 16776959 16777215 16711422 16645629 16711422 16711422 16645629 16645629 16711422 16777215 16711422 16777215 16777215 16777215 16777215 16777215 16777215 16777215 16777215 16777215 16777215 16777215 16777215 16777215 
16777215 16777215 16777215 16777215 16777215 16777215 16777215 16777215 16777215 16777215 16777215 16777215 16777215 16777215 16777215 16777215 16777215 16777215 16777215 16777215 16777215 16777215 16777215 16777215 16777215 16777215 16777215 16777215 16777215 16777215 16777215 16777215 16777215 16777215 16777215 16777215 16777215 16777215 16777215 16777215 16777215 16777215 16777215 16777215 16777215 16777215 16777215 16777215 16777215 16777215 16777215 16777215 16777215 16777215 16777215 16777215 16777215 16777215 16777215 16777215 16777215 16777215 16777215 16777215 
16777215 16777215 16777215 16777215 16777215 16777215 16777215 16777215 16777215 16777215 16777215 16777215 16777215 16777215 16777215 16777215 16777215 16777215 16777215 16777215 16777215 16777215 16777215 16777215 16777215 16777215 16777215 16777215 16777215 16777215 16777215 16777215 16777215 16777215 16777215 16777215 16777215 16777215 16777215 16777215 16777215 16777215 16777215 16777215 16777215 16777215 16777215 16777215 16777215 16777215 16777215 16777215 16777215 16777215 16777215 16777215 16777215 16777215 16777215 16777215 16777215 16777215 16777215 16777215 
