Width: 64
Height: 64
Panels: 1 
16777215 16777215 16777215 16777215 16777215 16777215 16777215 16777215 16777215 16777215 16777215 16777215 16777215 16777215 16777215 16777215 16777215 16777215 16777215 16777215 16777215 16777215 16777215 16777215 16777215 16777215 16777215 16777215 16777215 16777215 16777215 16777215 16777215 16777215 16777215 16777215 16777215 16777215 16777215 16777215 16777215 16777215 16777215 16777215 16777215 16777215 16777215 16777215 16777215 16777215 16777215 16777215 16777215 16777215 16777215 16777215 16777215 16777215 16777215 16777215 16777215 16777215 16777215 16777215 
16777215 16777215 16777215 16777215 16777215 16777215 16777215 16777215 16777215 16777215 16777215 16777215 16777215 16777215 16777215 16777215 16777215 16777215 16777215 16777215 16777215 16777215 16777215 16777215 16777215 16777215 16777215 16777215 16777215 16777215 16777215 16777215 16777215 16777215 16777215 16777215 16777215 16777215 16777215 16777215 16777215 16777215 16777215 16777215 16777215 16777215 16777215 16777215 16777215 16777215 16777215 16777215 16777215 16777215 16777215 16777215 16777215 16777215 16777215 16777215 16777215 16777215 16777215 16777215 
16777215 16777215 16777215 16777215 16777215 16777215 16777215 16777215 16777215 16777215 16777215 16777215 16777215 16777215 16777215 16777215 16777215 16777215 16777215 16777215 16777215 16777215 16777215 16777215 16777215 16777215 16777215 16777215 16777215 16777215 16777215 16777215 16777215 16777215 16777215 16777215 16777215 16777215 16777215 16777215 16777215 16777215 16777215 16777215 16777215 16777215 16777215 16777215 16777215 16777215 16777215 16777215 16777215 16777215 16777215 16777215 16777215 16777215 16777215 16777215 16777215 16777215 16777215 16777215 
16777215 16777215 16777215 16777215 16777215 16777215 16777215 16777215 16777215 16777215 16777215 16777215 16777215 16777215 16777215 16777215 16777215 16777215 16777215 16777215 16777215 16777215 16777215 16777215 16777215 16777215 16777215 16777215 16777215 16777215 16777215 16777215 16777215 16777215 16777215 16777215 16777215 16777215 16777215 16777215 16777215 16777215 16777215 16777215 16777215 16777215 16777215 16777215 16777215 16777215 16777215 16777215 16777215 16777215 16777215 16777215 16777215 16777215 16777215 16777215 16777215 16777215 16777215 16777215 
16777215 16777215 16777215 16777215 16777215 16777215 16777215 16777215 16777215 16777215 16777215 16777215 16777215 16777215 16777215 16777215 16777215 16777215 16777215 16777215 16777215 16777215 16777215 16777215 16777215 16777215 16777215 16777215 16777215 16777215 16777215 16777215 16777215 16777215 16777215 16777215 16777215 16777215 16777215 16777215 16777215 16777215 16777215 16777215 16777215 16777215 16777215 16777215 16777215 16777215 16777215 16777215 16777215 16777215 16777215 16777215 16777215 16777215 16777215 16777215 16777215 16777215 16777215 16777215 
16777215 16777215 16777215 16777215 16777215 16777215 16777215 16777215 16777215 16777215 16777215 16777215 16777215 16777215 16777215 16777215 16777215 16777215 16777215 16777215 16777215 16777215 16777215 16777215 16777215 16777215 16777215 16777215 16777215 16777215 16777215 16777215 16777215 16777215 16777215 16777215 16777215 16777215 16777215 16777215 16777215 16777215 16777215 16777215 16777215 16777215 16777215 16777215 16777215 16777215 16777215 16777215 16777215 16777215 16777215 16777215 16777215 16777215 16777215 16777215 16777215 16777215 16777215 16777215 
16777215 16777215 16777215 16777215 16777215 16777215 16777215 16777215 16777215 16777215 16777215 16777215 16777215 16777215 16777215 16777215 16777215 16777215 16777215 16777215 16777215 16777215 16777215 16777215 16777215 16777215 16777215 16777215 16777215 16777215 16777215 16777215 16777215 16777215 16777215 16777215 16777215 16777215 16777215 16777215 16711422 16645885 16711422 16711166 16645629 16711422 16777215 16777215 16777215 16777215 16777215 16777215 16777215 16777215 16777215 16777215 16777215 16777215 16777215 16777215 16777215 16777215 16777215 16777215 
16777215 16777215 16777215 16777215 16777215 16777215 16777215 16777215 16777215 16777215 16777215 16777215 16777215 16777215 16777215 16777215 16777215 16777215 16777215 16777215 16777215 16777215 16777215 16777215 16777215 16777215 16777215 16777215 16777215 16777215 16777215 16777215 16777215 16777215 16777215 16777215 16777215 16777215 16777215 16711422 16777215 16777215 16777215 16777215 16777215 16777215 16711422 16777215 16777215 16777215 16777215 16777215 16777215 16777215 16777215 16777215 16777215 16777215 16777215 16777215 16777215 16777215 16777215 16777215 
16777215 16777215 16777215 16777215 16777215 16777215 16777215 16777215 16777215 16777215 16777215 16777215 16777215 16777215 16777215 16777215 16777215 16777215 16777215 16777215 16777215 16777215 16777215 16777215 16777215 16777215 16777215 16777215 16777215 16777215 16777215 16777215 16777215 16777215 16777215 16777215 16777215 16711422 16580092 16777215 16119541 10069145 14013653 10591137 8945032 14342874 16777215 16645629 16777215 16777215 16777215 16777215 16777215 16777215 16777215 16777215 16777215 16777215 16777215 16777215 16777215 16777215 16777215 16777215 
16777215 16777215 16777215 16777215 16777215 16777215 16777215 16777215 16777215 16777215 16777215 16777215 16777215 16777215 16777215 16777215 16777215 16777215 16777215 16777215 16777215 16777215 16777215 16777215 16777215 16777215 16777215 16777215 16777215 16777215 16777215 16777215 16777215 16777215 16777215 16777215 16711422 16777215 16777215 16447226 7633012 48128 3314994 15360 22016 12763074 16777215 16645629 16777215 16777215 16777215 16777215 16777215 16777215 16777215 16777215 16711422 16645629 16711422 16711422 16645629 16777215 16777215 16777215 
16777215 16777215 16777215 16777215 16777215 16777215 16777215 16777215 16777215 16777215 16777215 16777215 16777215 16777215 16777215 16777215 16777215 16777215 16777215 16777215 16777215 16777215 16777215 16777215 16777215 16777215 16777215 16777215 16777215 16777215 16777215 16777215 16777215 16777215 16777215 16645629 16777215 14671327 8626307 7185005 40192 2798634 40704 4573509 31744 12835011 16777215 16645629 16777215 16777215 16777215 16777215 16777215 16777215 16777215 16711422 16777215 16777215 16777215 16777215 16777215 16645885 16777215 16777215 
16777215 16777215 16777215 16777215 16777215 16777215 16777215 16777215 16777215 16777215 16777215 16777215 16777215 16777215 16777215 16777215 16777215 16777215 16777215 16777215 16777215 16777215 16777215 16777215 16777215 16777215 16777215 16777215 16777215 16777215 16777215 16777215 16777215 16777215 16645629 16777215 15065317 3514421 47360 32768 2412836 7510386 10462623 2324771 9405327 14869986 16777215 16645629 16711678 16777215 16777215 16777215 16777215 16777215 16711422 16777215 16645117 12367804 16315896 15131878 13157576 16777215 16777215 16711422 
16777215 16777215 16777215 16777215 16777215 16777215 16777215 16777215 16777215 16777215 16777215 16777215 16777215 16777215 16777215 16777215 16777215 16777215 16777215 16777215 16777215 16777215 16777215 16777215 16777215 16777215 16777215 16777215 16777215 16777215 16777215 16777215 16777215 16711422 16711678 16777215 10266524 48384 4836681 3776569 47360 10329245 16184566 8222077 13290442 12566207 15592685 16777215 16776959 16711422 16645629 16645629 16645629 16514043 16777215 14802657 5996635 47872 6985322 5347921 42752 12830659 16777215 16711678 
16777215 16777215 16777215 16777215 16777215 16777215 16777215 16777215 16777215 16777215 16777215 16777215 16777215 16777215 16777215 16777215 16777215 16777215 16777215 16777215 16777215 16777215 16777215 16777215 16777215 16777215 16777215 16777215 16777215 16777215 16777215 16777215 16777215 16645629 16777215 15130854 39424 3986492 3129647 4051517 47360 10331037 11645105 0 8355967 10790564 15133926 16777215 16580604 16777215 16777215 16777215 16777215 16777215 16777215 13880787 37120 4170815 41472 23552 3461428 35328 15788784 16777215 
16777215 16777215 16777215 16777215 16777215 16777215 16777215 16777215 16777215 16777215 16777215 16777215 16777215 16777215 16777215 16777215 16777215 16777215 16777215 16777215 16777215 16777215 16777215 16777215 16777215 16777215 16777215 16777215 16777215 16777215 16777215 16777215 16711422 16777215 16777215 15854321 29952 3128367 2064671 4049981 48384 10527392 14540509 5000012 6906217 9472656 5152078 7323759 5608021 12893124 14868962 14408155 14474460 14933219 10726051 4295233 3917627 1590296 3386931 1918749 2924332 2528550 15788784 16777215 
16777215 16777215 16777215 16777215 16777215 16777215 16777215 16777215 16777215 16777215 16777215 16777215 16777215 16777215 16777215 16777215 16777215 16777215 16777215 16777215 16777215 16777215 16777215 16777215 16777215 16777215 16777215 16777215 16777215 16777215 16777215 16645629 16777215 16052468 10722723 9677203 2073375 3394611 3660087 3657271 1358612 6066012 13615567 8094843 27136 32768 41216 13568 24320 36352 0 27392 0 36352 45056 33792 3591478 3181616 3524661 2793258 31232 6203230 16051956 16777215 
16777215 16777215 16777215 16777215 16777215 16777215 16777215 16777215 16777215 16777215 16777215 16777215 16777215 16777215 16777215 16777215 16777215 16777215 16777215 16777215 16777215 16777215 16777215 16777215 16777215 16777215 16777215 16777215 16777215 16777215 16711422 16777215 16447482 7902072 36096 50176 3724856 2730793 2531110 2332963 2658088 36608 33280 35328 3057710 3394611 31488 3520565 3854650 3453236 3786297 2453797 3713592 4578629 3721016 2991661 3328306 1998622 2997037 4115262 1231634 10144410 16578556 16777215 
16777215 16777215 16777215 16777215 16777215 16777215 16777215 16777215 16777215 16777215 16777215 16777215 16777215 16777215 16777215 16777215 16777215 16777215 16777215 16777215 16777215 16777215 16777215 16777215 16777215 16777215 16777215 16777215 16777215 16711422 16777215 16579068 8298110 49920 4707911 4117310 2398756 1402133 2663976 3128111 2008606 4289857 3840570 2598951 2931500 3984444 5728855 2734633 3258929 3192880 3395891 3589174 42752 43520 3723576 3657527 3394611 3528757 4052285 2413348 41472 10529184 16777215 16777215 
16777215 16777215 16777215 16777215 16777215 16777215 16777215 16777215 16777215 16777215 16777215 16777215 16777215 16777215 16777215 16777215 16777215 16777215 16777215 16777215 16777215 16777215 16777215 16777215 16777215 16777215 16777215 16777215 16777215 16711422 16777215 16183542 33280 2807082 3918907 2399524 2664744 3461172 3527477 4117310 47616 10662818 9075850 33792 2464037 3830586 9005705 1942045 2216225 2148384 3919163 50944 8491137 10004888 970766 1362964 3460404 3383859 37120 8504449 11252907 15131110 16777215 16645629 
16777215 16777215 16777215 16777215 16777215 16777215 16777215 16777215 16777215 16777215 16777215 16777215 16777215 16777215 16777215 16777215 16777215 16777215 16777215 16777215 16777215 16777215 16777215 16777215 16777215 16777215 16777215 16777215 16777215 16777215 16711422 16777215 13488077 41728 2872363 3915835 4182335 3459892 3328306 3459380 2740777 5815128 5090893 2872619 3459380 3060014 2013726 2266914 5929306 5602389 2329635 30976 6782055 7970169 2125344 6520931 1665817 23552 7296367 9273997 15987443 16777215 16645373 16777215 
16777215 16777215 16777215 16777215 16777215 16777215 16777215 16777215 16777215 16777215 16777215 16777215 16777215 16777215 16777215 16777215 16777215 16777215 16777215 16777215 16777215 16777215 16777215 16777215 16777215 16777215 16777215 16777215 16777215 16777215 16777215 16711678 16777215 13356491 34560 48896 50432 3592246 3723832 3329074 3591222 1951773 2675503 3593021 4314434 1691672 51712 48896 6130013 5543508 41472 3588150 1953053 50944 4829001 8879751 25344 8096123 15856113 12501182 15790576 16777215 16711422 16777215 
16777215 16777215 16777215 16777215 16777215 16777215 16777215 16777215 16777215 16777215 16777215 16777215 16777215 16777215 16777215 16777215 16777215 16777215 16777215 16777215 16777215 16777215 16777215 16777215 16777215 16777215 16777215 16777215 16777215 16777215 16777215 16711422 16711678 16777215 15854577 10792612 8361599 1943325 2536998 3655991 3263537 3657273 3059200 3056128 41984 6200927 9345166 9019529 8492417 8625027 9146251 2532646 1823003 4509508 4314433 46592 2587431 15987443 16777215 16777215 16777215 16711422 16777215 16777215 
16777215 16777215 16777215 16777215 16777215 16777215 16777215 16777215 16777215 16777215 16777215 16777215 16777215 16777215 16777215 16777215 16777215 16777215 16777215 16777215 16777215 16777215 16777215 16777215 16777215 16777215 16777215 16777215 16777215 16777215 16777215 16777215 16777215 16711422 16777215 16777215 16777215 12762306 0 2868524 3657273 3459871 2805912 2083496 12372422 15854319 16777215 16777215 16777215 16777215 16777215 13355979 2731305 50176 49664 39680 12102840 16777215 16645629 16645629 16711422 16777215 16777215 16777215 
16777215 16777215 16777215 16777215 16777215 16777215 16777215 16777215 16777215 16777215 16777215 16777215 16777215 16777215 16777215 16777215 16777215 16777215 16777215 16777215 16777215 16777215 16777215 16777215 16777215 16777215 16777215 16777215 16777215 16777215 16777215 16777215 16777215 16777215 16711422 16645885 16711678 16777215 12764098 2208033 3527737 3590672 3398817 65489 14544614 16777215 16514556 16711678 16711422 16711422 16711678 16777215 16119285 11319212 9016969 12304571 16777215 16777215 16711422 16777215 16777215 16777215 16777215 16777215 
16777215 16777215 16777215 16777215 16777215 16777215 16777215 16777215 16777215 16777215 16777215 16777215 16777215 16777215 16777215 16777215 16777215 16777215 16777215 16777215 16777215 16777215 16777215 16777215 16777215 16777215 16777215 16777215 16777215 16777215 16777215 16777215 16777215 16777215 16777215 16777215 16645629 16777215 16710910 5265744 35328 3588627 3399327 3080152 52896 14014161 16777215 16645629 16777215 16777215 16776959 16711678 16777215 16777215 16777215 16777215 16711422 16776959 16777215 16777215 16777215 16777215 16777215 16777215 
16777215 16777215 16777215 16777215 16777215 16777215 16777215 16777215 16777215 16777215 16777215 16777215 16777215 16777215 16777215 16777215 16777215 16777215 16777215 16777215 16777215 16777215 16777215 16777215 16777215 16777215 16777215 16777215 16777215 16777215 16777215 16777215 16777215 16777215 16777215 16711422 16777215 16382457 8616835 36864 3654457 2330624 2607767 3134122 175243 23296 14217688 16777215 16645885 16777215 16777215 16777215 16711422 16645885 16645885 16711422 16777215 16777215 16777215 16777215 16777215 16777215 16777215 16777215 
16777215 16777215 16777215 16777215 16777215 16777215 16777215 16777215 16777215 16777215 16777215 16777215 16777215 16777215 16777215 16777215 16777215 16777215 16777215 16777215 16777215 16777215 16777215 16777215 16777215 16777215 16777215 16777215 16777215 16777215 16777215 16777215 16777215 16777215 16777215 16645629 16777215 14604766 30976 4117822 3461431 3261478 935962 2344608 3530676 896388 39680 14737120 16777215 16645629 16777215 16777215 16777215 16777215 16777215 16777215 16777215 16777215 16777215 16777215 16777215 16777215 16777215 16777215 
16777215 16777215 16777215 16777215 16777215 16777215 16777215 16777215 16777215 16777215 16777215 16777215 16777215 16777215 16777215 16777215 16777215 16777215 16777215 16777215 16777215 16777215 16777215 16777215 16777215 16777215 16777215 16777215 16777215 16777215 16777215 16777215 16777215 16777215 16777215 16645629 16777215 14999012 39936 3855418 3328051 3527995 2329856 2342813 3735519 4521942 35884 13683149 16777215 16645629 16777215 16777215 16777215 16777215 16777215 16777215 16777215 16777215 16777215 16777215 16777215 16777215 16777215 16777215 
16777215 16777215 16777215 16777215 16777215 16777215 16777215 16777215 16777215 16777215 16777215 16777215 16777215 16777215 16777215 16777215 16777215 16777215 16777215 16777215 16777215 16777215 16777215 16777215 16777215 16777215 16777215 16777215 16777215 16777215 16777215 16777215 16777215 16777215 16777215 16777215 16776703 9217164 49664 3853882 3394355 3460918 3261480 1204791 3198117 56493 7258024 15986673 16777215 16711422 16777215 16777215 16777215 16777215 16777215 16777215 16777215 16777215 16777215 16777215 16777215 16777215 16777215 16777215 
16777215 16777215 16777215 16777215 16777215 16777215 16777215 16777215 16777215 16777215 16777215 16777215 16777215 16777215 16777215 16777215 16777215 16777215 16777215 16777215 16777215 16777215 16777215 16777215 16777215 16777215 16777215 16777215 16777215 16777215 16777215 16777215 16777215 16777215 16711422 16777215 16775935 6524771 52224 3853370 3394611 3328562 3527736 2331392 1942921 3527592 38251 14208979 16777215 16645629 16777215 16777215 16777215 16777215 16777215 16777215 16777215 16777215 16777215 16777215 16777215 16777215 16777215 16777215 
16777215 16777215 16777215 16777215 16777215 16777215 16777215 16777215 16777215 16777215 16777215 16777215 16777215 16777215 16777215 16777215 16777215 16777215 16777215 16777215 16777215 16777215 16777215 16777215 16777215 16777215 16777215 16777215 16777215 16777215 16777215 16777215 16777215 16777215 16777215 16711678 16776447 7575411 51712 3919419 3394611 3394611 3395127 3261216 1940336 3997649 60086 12107452 16777215 16711679 16777215 16777215 16777215 16777215 16777215 16777215 16777215 16777215 16777215 16777215 16777215 16777215 16777215 16777215 
16777215 16777215 16777215 16777215 16777215 16777215 16777215 16777215 16777215 16777215 16777215 16777215 16777215 16777215 16777215 16777215 16777215 16777215 16777215 16777215 16777215 16777215 16777215 16777215 16777215 16777215 16777215 16711422 16777215 16777215 16711422 16711422 16777215 16777215 16645629 16777215 16776447 6785383 51712 3787065 3394355 3394611 3394098 3527998 2128896 2669210 2621403 4239246 16511477 16777215 16711422 16777215 16777215 16777215 16777215 16777215 16777215 16777215 16777215 16777215 16777215 16777215 16777215 16777215 
16777215 16777215 16777215 16777215 16777215 16777215 16777215 16777215 16777215 16777215 16777215 16777215 16777215 16777215 16777215 16777215 16777215 16777215 16777215 16777215 16777215 16777215 16777215 16777215 16777215 16711423 16711422 16777215 16711422 16579836 16777215 16777215 16711422 16645885 16777215 16777215 10261404 35328 3721272 2132000 3527477 3394355 3394355 3461177 3194368 2602120 2750666 2981225 14736348 16777215 16645629 16777215 16777215 16777215 16777215 16777215 16777215 16777215 16777215 16777215 16777215 16777215 16777215 16777215 
16777215 16777215 16777215 16777215 16777215 16777215 16777215 16777215 16777215 16777215 16777215 16777215 16777215 16777215 16777215 16777215 16777215 16777215 16777215 16777215 16777215 16777215 16777215 16777215 16645886 16777215 16777215 15788784 16777215 16777215 16777215 15854577 16777215 16777215 13817042 7374704 26624 3260721 3526965 2531366 2796330 3527221 3394355 3394355 3460915 3063079 3049304 0 9077387 16777215 16711678 16645629 16645885 16645629 16711422 16711678 16711678 16711678 16711678 16711422 16777215 16777215 16777215 16777215 
16777215 16777215 16777215 16777215 16777215 16777215 16777215 16777215 16777215 16777215 16777215 16777215 16777215 16777215 16777215 16777215 16777215 16777215 16777215 16777215 16777215 16777215 16777215 16711679 16777215 16056319 11980748 2330112 11911094 13683408 11253163 35328 14803937 14211288 33024 32256 3716664 3460660 3394611 3461428 2464805 2796842 3461429 3394354 3394355 3460660 3328031 3852605 35840 12041911 16777215 16777215 16777215 16777215 16777215 16777215 16777215 16777215 16777215 16777215 16711422 16777215 16777215 16777215 
16777215 16777215 16777215 16777215 16777215 16777215 16777215 16777215 16777215 16777215 16777215 16777215 16777215 16777215 16777215 16777215 16777215 16777215 16777215 16777215 16777215 16777215 16777215 16711165 16317178 12246750 0 2858004 14080 21504 48640 378629 4361282 3232561 39680 4313409 3395635 3394355 3394355 3460660 3328050 1069325 3062579 3461432 3328305 3394355 3394871 3525685 3134511 898573 7700085 14276313 15593197 15395050 15131110 9347214 8230781 8099707 9675923 16119285 16777215 16711422 16777215 16777215 
16777215 16777215 16777215 16777215 16777215 16777215 16777215 16777215 16777215 16777215 16777215 16777215 16777215 16777215 16777215 16777215 16777215 16777215 16777215 16777215 16645629 16711422 16645629 16777215 10202283 25970 4305679 1997353 3372594 3705656 3453748 2854443 0 2075935 3920955 3263281 3394355 3394611 3394611 3328306 3594040 2531372 2596096 3527207 3461693 3394100 3394355 3328818 3459636 3723832 45824 8192 0 15872 39168 51456 51200 51200 44544 12171449 16777215 16645629 16777215 16777215 
16777215 16777215 16777215 16777215 16777215 16777215 16777215 16777215 16777215 16777215 16777215 16777215 16777215 16777215 16777215 16777215 16777215 16777215 16711422 16777215 16777215 16777215 16777215 16645373 8554879 21760 3517499 1934619 2384933 2651432 1067024 1072400 2592551 3657015 3329074 3394355 3394611 3394611 3328561 3527743 2861824 2073721 2473876 2266165 2994688 3527218 3395641 3526200 3787320 3527221 3384115 2926380 3260977 3326770 3592502 3519285 2784042 3176240 1150993 0 15592685 16777215 16711422 16777215 
16777215 16777215 16777215 16777215 16777215 16777215 16777215 16777215 16777215 16777215 16777215 16777215 16777215 16777215 16777215 16777215 16777215 16711422 16777215 15921906 10856101 15658734 16777215 13881555 0 3502138 1134351 2465061 2531878 2399012 2929964 1999902 3195184 3461428 3394355 3394611 3394611 3394098 3461433 3128087 604446 2809268 3604438 3008959 2340751 2133806 3258368 2671627 52232 4313664 3587894 3654967 3920443 4051261 4117054 3319858 3055150 26368 5652054 13224393 16185078 16777215 16711422 16777215 
16777215 16777215 16777215 16777215 16777215 16777215 16777215 16777215 16777215 16777215 16777215 16777215 16777215 16777215 16777215 16777215 16711422 16514043 16777215 15131622 19200 4561989 11710386 7436401 30208 2594343 3328306 3527477 3526965 3660087 2930220 1467926 3328306 3394611 3394355 3394611 3394611 3394358 3460651 2332464 2809013 3538898 3341257 3473359 3473360 3140801 438149 4818531 7783027 23808 40960 1558807 1429525 48896 38656 47104 4053565 50176 7838327 16777215 16777215 16711422 16777215 16777215 
16777215 16777215 16777215 16777215 16777215 16777215 16777215 16777215 16777215 16777215 16777215 16777215 16777215 16777215 16777215 16711422 16777215 16777215 16777215 15855857 1207058 24832 34304 374789 3724344 3461428 3460660 3328562 3328306 3527221 2663720 2597671 3527733 3328562 3394611 3394611 3394355 3461689 3193856 2274702 3538901 3341770 3407820 3407563 3407563 3735503 2293719 4892043 15523559 14605535 11445422 4158527 6133853 13360587 14735328 12304059 29440 30720 5137230 16711166 16777215 16777215 16777215 16777215 
16777215 16777215 16777215 16777215 16777215 16777215 16777215 16777215 16777215 16777215 16777215 16777215 16777215 16777215 16711422 16777215 15921906 13026758 13816274 12302267 0 2525990 4051773 3789113 3328562 3394355 3328818 3394611 3328562 3527477 2664488 2597671 3527477 3328562 3394611 3394355 3394868 3327793 1534228 2542500 3473360 3407820 3407821 3407821 3342284 4063183 44675 9142918 16777215 16777215 16777215 16381689 16446970 16777215 16777215 16777215 13946580 13880531 11776691 16777215 16777215 16777215 16777215 16777215 
16777215 16777215 16777215 16777215 16777215 16777215 16777215 16777215 16777215 16777215 16777215 16777215 16777215 16777215 16645885 16777215 12631488 12288 17152 20480 3061294 3395123 3394867 3328562 3328562 3656759 4050493 3984956 3984444 4183359 3254065 2199841 3527221 3394355 3394611 3394098 3527222 2863403 0 2941620 2674597 1875325 2075271 2075271 2136955 2811833 2209428 15064288 16777215 16514043 16776959 16777215 16777215 16711422 16645373 16711422 16777215 16777215 16777215 16777215 16777215 16777215 16777215 16777215 
16777215 16777215 16777215 16777215 16777215 16777215 16777215 16777215 16777215 16777215 16777215 16777215 16711422 16776959 16777215 16513531 5135950 1863196 4043837 4051773 3461428 3394355 3394355 3460404 3986236 2477349 50176 50688 50432 51200 48128 1727514 3195440 3460916 3394355 3394355 3527481 2862080 1676153 3473359 3341257 3274950 3274951 3274694 3866575 56234 6397551 15855600 16777215 16645629 16777215 16711422 16711422 16777215 16777215 16777215 16711422 16711422 16645629 16777215 16777215 16777215 16777215 16777215 
16777215 16777215 16777215 16777215 16777215 16777215 16777215 16777215 16777215 16777215 16777215 16645629 16777215 13159880 5467475 12832195 5860441 43776 3723832 3394355 3262769 3591222 4116798 3393843 45568 4630086 8952968 8297086 8033402 8690820 7442545 28160 3393331 3394867 3394355 3394098 3527740 2728960 2542502 3538898 3341514 3407820 3473357 3538898 2611121 3051311 51456 6260833 15591404 16777215 16711422 16777215 16777215 16777215 16777215 16777215 16777215 16777215 16777215 16777215 16777215 16777215 16777215 16777215 
16777215 16777215 16777215 16777215 16777215 16777215 16777215 16777215 16777215 16777215 16711422 16777215 16118517 7248494 39168 23040 1801755 3593782 3459380 3591222 4183103 3066670 49408 817676 4596550 14539229 16776703 16777215 16777215 16777215 14602462 39680 4052285 3394099 3394611 3394355 3461945 3189248 3527853 4194265 3735505 3538898 3341516 3209676 1472082 2863616 4708941 38912 10001048 16777215 16645629 16777215 16777215 16777215 16777215 16777215 16777215 16777215 16777215 16777215 16777215 16777215 16777215 16777215 
16777215 16777215 16777215 16777215 16777215 16777215 16777215 16777215 16777215 16777215 16711422 16777215 15131366 25856 3962172 1791515 3130159 3656759 3395635 2476837 41472 1074192 9937303 15855857 14342106 7371888 5016908 11187882 15262184 10789540 3691576 2860843 3592758 3394099 3394355 3394870 3524385 34373 52126 54950 1562541 3661238 2598771 1804357 3129407 3527220 3393843 3921468 1481494 14998756 16777215 16645629 16777215 16777215 16777215 16777215 16777215 16777215 16777215 16777215 16777215 16777215 16777215 16777215 
16777215 16777215 16777215 16777215 16777215 16777215 16777215 16711422 16711422 16777215 15921906 10988455 13750993 1329940 2268450 3261489 3854394 2936876 2666280 3765049 10327453 15065829 16777215 15724271 4346946 43776 1757978 46336 37632 43264 42240 2794794 3527221 3394099 3394611 3722296 576267 8031865 14471896 11904430 2717952 33792 2408704 3788839 3329071 3394356 3394354 4050749 47360 14082774 16777215 16645885 16777215 16777215 16777215 16777215 16777215 16777215 16777215 16777215 16777215 16777215 16777215 16777215 
16777215 16777215 16777215 16777215 16777215 16777215 16711422 16777215 16711422 16777215 15857137 34560 3701048 3057966 3461940 3919675 3265585 41984 13355723 16578556 16777215 16777215 16777215 13814994 39168 4774216 3788089 3920187 4051773 3986492 3656503 3328306 3394611 3394611 3394355 3723064 702474 15331049 16777215 16777215 15792369 11122347 4433990 2085413 3722552 3394354 3394611 3787577 446726 7775094 16709886 16777215 16711422 16777215 16777215 16777215 16777215 16777215 16777215 16777215 16777215 16777215 16777215 16777215 
16777215 16777215 16711422 16777215 16711422 16711422 16777215 16316664 16711166 16777215 11648689 27904 2532390 3789881 4117566 2867755 26880 13553614 16777215 16777215 16777215 16514043 16777215 14144471 37376 3985980 3128367 3262513 3591478 3918651 3460148 3328818 3394355 3263025 4049981 2085151 3311666 15920370 16777215 16645629 16777215 16777215 14277081 23552 3259953 3526709 3328562 3854650 44544 4738376 16579836 16777215 16711422 16777215 16777215 16777215 16777215 16777215 16777215 16777215 16777215 16777215 16777215 16777215 
16645629 16645629 16777215 16777215 16777215 16777215 16777215 14079190 10202267 13882579 5524052 26880 4706119 2346531 40704 18432 13287882 16777215 16645885 16711422 16777215 16645629 16777215 14407387 25344 4117566 2199841 1793563 2410788 51200 3985724 4313921 4182591 4641606 1626136 1219346 14605534 16777215 16711422 16777215 16645629 16777215 16118517 804620 2933804 3591734 3328306 4183103 39424 10720931 16777215 16711422 16777215 16777215 16777215 16777215 16777215 16777215 16777215 16777215 16777215 16777215 16777215 16777215 
16777215 16777215 16381945 16777215 16316920 8157308 14868962 14014165 15104 17152 1797147 3853626 47104 5545556 14538461 15460587 16777215 16711422 16711422 16777215 16777215 16711422 16777215 13158600 44288 4051773 3658039 35584 4810825 8626819 43008 44288 44032 45056 1088272 10722467 16777215 16711422 16777215 16777215 16711678 16777215 10661282 49152 3985724 3328562 3525173 3396915 2727977 15328745 16777215 16645629 16777215 16777215 16777215 16777215 16777215 16777215 16777215 16777215 16777215 16777215 16777215 16777215 
11447982 15066597 9083786 12369084 12630464 0 9343374 5134414 3118383 3324210 49920 1151761 10988967 15460075 16777215 16777215 16711422 16777215 16777215 16777215 16711422 16777215 16446970 5541460 1429013 3722040 3722552 2150176 4942667 15196135 13553102 12236986 12697537 12105400 14671071 16777215 16645629 16777215 16777215 16777215 16645885 16777215 8754821 50176 4115774 3395123 4380482 35584 10919078 16777215 16777215 16777215 16645629 16645885 16645629 16645885 16777215 16777215 16777215 16777215 16777215 16777215 16777215 16777215 
13026502 8293246 35072 496135 5218127 2794026 29952 1158417 43776 3515445 10660002 15525868 16777215 16777215 16645629 16645629 16777215 16777215 16777215 16777215 16645629 16777215 12369852 45312 3985468 3394099 3853114 51712 7246190 16250103 16777215 16777215 16777215 16777215 16777215 16711422 16777215 16777215 16777215 16711422 16777215 16381689 7774070 50688 3985468 3195440 3318834 20992 9415567 15399146 14605534 16777215 16777215 16777215 16777215 16777215 16711422 16777215 16777215 16777215 16777215 16777215 16777215 16777215 
16777215 16777215 10926502 624649 4306497 5101389 5158222 2454053 11051176 15394282 16777215 16777215 16711422 16645629 16777215 16777215 16777215 16777215 16777215 16711422 16777215 15987443 6450018 48896 3854394 3461428 4184383 43776 8287614 16777215 16645885 16579836 16645629 16645629 16711422 16777215 16777215 16777215 16777215 16579836 16777215 13025222 42752 4380226 3195696 1069072 2465317 3790137 2281250 50432 24832 9736084 11382958 11120553 10527393 13093063 16777215 16777215 16711422 16777215 16777215 16777215 16777215 16777215 
16645629 16777215 16776703 15985907 16119285 16121077 16053236 15920626 16777215 16777215 16645629 16711422 16777215 16777215 16777215 16777215 16777215 16777215 16777215 16711422 16711678 16777215 9541265 48384 4181567 2531878 2862123 2124064 25088 11715762 16777215 16711422 16777215 16777215 16777215 16777215 16777215 16777215 16645629 16777215 14934755 4956747 3066670 3590966 3327538 3194672 3526965 3328306 3525685 4245056 3977275 45312 30976 49408 33024 31488 12434366 16777215 16711422 16777215 16777215 16777215 16777215 16777215 
16777215 16711422 16777215 16777215 16777215 16777215 16777215 16777215 16711422 16645629 16777215 16777215 16777215 16777215 16777215 16777215 16777215 16777215 16777215 16777215 16711422 16777215 15198439 4359234 2865451 3649590 2520869 3386675 3247922 30976 12311731 16777215 16645629 16777215 16777215 16777215 16777215 16645629 16777215 15000292 15104 2084895 4314689 3855162 3921211 3921467 3721784 3855418 4248896 49152 53504 4050229 24632 22784 1485459 5016432 6379096 16448507 16777215 16711422 16777215 16777215 16777215 16777215 
16777215 16777215 16711422 16711422 16711422 16711678 16711422 16711422 16777215 16777215 16777215 16777215 16777215 16777215 16777215 16777215 16777215 16777215 16777215 16777215 16711422 16777215 16710910 4544581 48384 49664 41728 48128 13824 20480 5218199 15855600 16777215 16711422 16777215 16777215 16777215 16711422 16777215 15329257 2966573 36864 39424 38656 39168 36864 23296 39680 37120 10007960 8636293 33792 11786203 11122364 11316401 16119031 16711165 16711422 16777215 16777215 16777215 16777215 16777215 16777215 
16777215 16777215 16777215 16777215 16777215 16777215 16777215 16777215 16777215 16777215 16777215 16777215 16777215 16777215 16777215 16777215 16777215 16777215 16777215 16777215 16777215 16711422 16777215 13224138 5992262 7386281 10074042 11579048 8687236 15267563 14676468 15855856 16777215 16711422 16777215 16777215 16777215 16777215 16711166 16777215 15790064 14604510 14867682 14801889 14801889 14801889 14802657 14801889 14604254 16776959 16315384 15065573 16777215 16777215 16777215 16777215 16777215 16777215 16777215 16777215 16777215 16777215 16777215 16777215 
16777215 16777215 16777215 16777215 16777215 16777215 16777215 16777215 16777215 16777215 16777215 16777215 16777215 16777215 16777215 16777215 16777215 16777215 16777215 16777215 16777215 16777215 16777215 16777215 16776447 16777215 16777215 16777215 16777215 16777215 16777215 16777215 16711422 16777215 16777215 16777215 16777215 16777215 16777215 16711422 16777215 16777215 16777215 16777215 16777215 16777215 16777215 16777215 16777215 16777215 16777215 16777215 16645629 16645629 16645629 16711422 16711422 16777215 16777215 16777215 16777215 16777215 16777215 16777215 
16777215 16777215 16777215 16777215 16777215 16777215 16777215 16777215 16777215 16777215 16777215 16777215 16777215 16777215 16777215 16777215 16777215 16777215 16777215 16777215 16777215 16777215 16777215 16711422 16777215 16777214 16776958 16711678 16777215 16645885 16645886 16711422 16777215 16777215 16777215 16777215 16777215 16777215 16777215 16777215 16711422 16645629 16645629 16645629 16645629 16645629 16645629 16645629 16645629 16711422 16711422 16645629 16777215 16777215 16777215 16777215 16777215 16777215 16777215 16777215 16777215 16777215 16777215 16777215 
16777215 16777215 16777215 16777215 16777215 16777215 16777215 16777215 16777215 16777215 16777215 16777215 16777215 16777215 16777215 16777215 16777215 16777215 16777215 16777215 16777215 16777215 16777215 16777215 16776958 16777215 16777215 16777215 16777215 16777215 16777215 16777215 16777215 16777215 16777215 16777215 16777215 16777215 16777215 16777215 16777215 16777215 16777215 16777215 16777215 16777215 16777215 16777215 16777215 16777215 16777215 16777215 16777215 16777215 16777215 16777215 16777215 16777215 16777215 16777215 16777215 16777215 16777215 16777215 
16777215 16777215 16777215 16777215 16777215 16777215 16777215 16777215 16777215 16777215 16777215 16777215 16777215 16777215 16777215 16777215 16777215 16777215 16777215 16777215 16777215 16777215 16777215 16777215 16777215 16777215 16777215 16777215 16777215 16777215 16777215 16777215 16777215 16777215 16777215 16777215 16777215 16777215 16777215 16777215 16777215 16777215 16777215 16777215 16777215 16777215 16777215 16777215 16777215 16777215 16777215 16777215 16777215 16777215 16777215 16777215 16777215 16777215 16777215 16777215 16777215 16777215 16777215 16777215 
16777215 16777215 16777215 16777215 16777215 16777215 16777215 16777215 16777215 16777215 16777215 16777215 16777215 16777215 16777215 16777215 16777215 16777215 16777215 16777215 16777215 16777215 16777215 16777215 16777215 16777215 16777215 16777215 16777215 16777215 16777215 16777215 16777215 16777215 16777215 16777215 16777215 16777215 16777215 16777215 16777215 16777215 16777215 16777215 16777215 16777215 16777215 16777215 16777215 16777215 16777215 16777215 16777215 16777215 16777215 16777215 16777215 16777215 16777215 16777215 16777215 16777215 16777215 16777215 
