Width: 64
Height: 64
Panels: 1 
16777215 16777215 16777215 16777215 16777215 16777215 16777215 16777215 16777215 16777215 16777215 16777215 16777215 16777215 16777215 16777215 16777215 16777215 16777215 16777215 16777215 16777215 16777215 16777215 16777215 16777215 16777215 16777215 16777215 16777215 16777215 16777215 16777215 16777215 16777215 16777215 16777215 16777215 16777215 16777215 16777215 16777215 16777215 16777215 16777215 16777215 16777215 16777215 16777215 16777215 16777215 16777215 16777215 16777215 16777215 16777215 16777215 16777215 16777215 16777215 16777215 16777215 16777215 16777215 
16777215 16777215 16777215 16777215 16777215 16777215 16777215 16777215 16777215 16777215 16777215 16777215 16777215 16777215 16777215 16777215 16777215 16777215 16777215 16777215 16777215 16777215 16777215 16777215 16777215 16777215 16777215 16777215 16777215 16777215 16777215 16777215 16777215 16777215 16777215 16777215 16777215 16777215 16777215 16777215 16777215 16777215 16777215 16777215 16777215 16777215 16777215 16777215 16777215 16777215 16777215 16777215 16777215 16777215 16777215 16777215 16777215 16777215 16777215 16777215 16777215 16777215 16777215 16777215 
16777215 16777215 16777215 16777215 16777215 16777215 16777215 16777215 16777215 16777215 16777215 16777215 16777215 16777215 16777215 16777215 16777215 16777215 16777215 16777215 16777215 16777215 16777215 16777215 16777215 16777215 16777215 16777215 16777215 16777215 16777215 16777215 16777215 16777215 16777215 16777215 16777215 16777215 16777215 16777215 16777215 16777215 16777215 16777215 16777215 16777215 16777215 16777215 16777215 16777215 16777215 16777215 16777215 16777215 16777215 16777215 16777215 16777215 16777215 16777215 16777215 16777215 16777215 16777215 
16777215 16777215 16777215 16777215 16777215 16777215 16777215 16777215 16777215 16777215 16777215 16777215 16777215 16777215 16777215 16777215 16777215 16777215 16777215 16777215 16777215 16777215 16777215 16777215 16777215 16777215 16777215 16777215 16777215 16777215 16777215 16777215 16777215 16777215 16777215 16777215 16777215 16777215 16777215 16777215 16777215 16777215 16777215 16777215 16777215 16777215 16777215 16777215 16777215 16777215 16777215 16777215 16777215 16777215 16777215 16777215 16777215 16777215 16777215 16777215 16777215 16777215 16777215 16777215 
16777215 16777215 16777215 16777215 16777215 16777215 16777215 16777215 16777215 16777215 16777215 16777215 16777215 16777215 16777215 16777215 16777215 16777215 16777215 16777215 16777215 16777215 16777215 16777215 16777215 16777215 16777215 16777215 16777215 16777215 16777215 16777215 16777215 16777215 16777215 16777215 16777215 16777215 16777215 16777215 16777215 16777215 16777215 16777215 16777215 16777215 16777215 16777215 16777215 16777215 16777215 16777215 16777215 16777215 16777215 16777215 16777215 16777215 16777215 16777215 16777215 16777215 16777215 16777215 
16777215 16777215 16777215 16777215 16777215 16777215 16777215 16777215 16777215 16777215 16777215 16777215 16777215 16777215 16777215 16777215 16777215 16777215 16777215 16777215 16777215 16777215 16777215 16777215 16777215 16777215 16777215 16777215 16777215 16777215 16777215 16777215 16777215 16777215 16777215 16777215 16777215 16777215 16777215 16777215 16777215 16777215 16777215 16777215 16777215 16777215 16777215 16777215 16777215 16777215 16777215 16777215 16777215 16777215 16777215 16777215 16777215 16777215 16777215 16777215 16777215 16777215 16777215 16777215 
16777215 16777215 16777215 16777215 16777215 16777215 16777215 16777215 16777215 16777215 16777215 16777215 16777215 16777215 16777215 16777215 16777215 16777215 16777215 16777215 16777215 16777215 16777215 16777215 16777215 16777215 16777215 16777215 16777215 16777215 16777215 16777215 16777215 16777215 16777215 16777215 16777215 16777215 16777215 16777215 16777215 16711422 16777215 16711422 16711422 16777215 16777215 16777215 16777215 16777215 16777215 16777215 16777215 16777215 16777215 16777215 16777215 16777215 16777215 16777215 16777215 16777215 16777215 16777215 
16777215 16777215 16777215 16777215 16777215 16777215 16777215 16777215 16777215 16777215 16777215 16777215 16777215 16777215 16777215 16777215 16777215 16777215 16777215 16777215 16777215 16777215 16777215 16777215 16777215 16777215 16777215 16777215 16777215 16777215 16777215 16777215 16777215 16777215 16777215 16777215 16777215 16777215 16777215 16777215 16711422 16777215 16645629 16777215 16777215 16777215 16777215 16777215 16777215 16777215 16777215 16777215 16777215 16777215 16777215 16777215 16777215 16777215 16777215 16777215 16777215 16777215 16777215 16777215 
16777215 16777215 16777215 16777215 16777215 16777215 16777215 16777215 16777215 16777215 16777215 16777215 16777215 16777215 16777215 16777215 16777215 16777215 16777215 16777215 16777215 16777215 16777215 16777215 16777215 16777215 16777215 16777215 16777215 16777215 16777215 16777215 16777215 16777215 16777215 16777215 16711422 16711422 16711678 16711422 16777215 16711422 16777215 15987955 16185078 16777215 16777215 16777215 16777215 16777215 16777215 16777215 16777215 16777215 16777215 16777215 16777215 16777215 16777215 16777215 16777215 16777215 16777215 16777215 
16777215 16777215 16777215 16777215 16777215 16777215 16777215 16777215 16777215 16777215 16777215 16777215 16777215 16777215 16777215 16777215 16777215 16777215 16777215 16777215 16777215 16777215 16777215 16777215 16777215 16777215 16777215 16777215 16777215 16777215 16777215 16777215 16777215 16777215 16777215 16711422 16777215 16777215 16777215 16777215 13815250 9406863 13157576 0 9079690 16777215 16711422 16777215 16777215 16777215 16777215 16777215 16777215 16777215 16777215 16777215 16777215 16777215 16777215 16777215 16777215 16777215 16777215 16777215 
16777215 16777215 16777215 16777215 16777215 16777215 16777215 16777215 16777215 16777215 16777215 16777215 16777215 16777215 16777215 16777215 16777215 16777215 16777215 16777215 16777215 16777215 16777215 16777215 16777215 16777215 16777215 16777215 16777215 16777215 16777215 16777215 16777215 16777215 16711422 16777215 16776959 14211032 8427136 9277581 4368450 43776 28672 1551127 34560 14144983 16777215 16645629 16777215 16777215 16777215 16777215 16777215 16777215 16777215 16711422 16777215 16777215 16711422 16711422 16645885 16711422 16777215 16777215 
16777215 16777215 16777215 16777215 16777215 16777215 16777215 16777215 16777215 16777215 16777215 16777215 16777215 16777215 16777215 16777215 16777215 16777215 16777215 16777215 16777215 16777215 16777215 16777215 16777215 16777215 16777215 16777215 16777215 16777215 16777215 16777215 16777215 16711422 16777215 16711422 8814470 36864 48128 27904 2676008 30208 1676825 3123759 10496 12698561 16777215 16645629 16777215 16777215 16777215 16777215 16777215 16777215 16711422 16777215 16776703 16776447 16777215 16777215 16777215 16777215 16711422 16777215 
16777215 16777215 16777215 16777215 16777215 16777215 16777215 16777215 16777215 16777215 16777215 16777215 16777215 16777215 16777215 16777215 16777215 16777215 16777215 16777215 16777215 16777215 16777215 16777215 16777215 16777215 16777215 16777215 16777215 16777215 16777215 16777215 16777215 16711166 16777215 14012117 28160 4184895 3448628 3446068 964366 10854053 12960709 10726819 8886663 12698305 16777215 16514043 16711422 16777215 16777215 16777215 16711422 16580092 16777215 13685968 6919529 7446641 10065561 12239290 13554126 16381945 16777215 16711422 
16777215 16777215 16777215 16777215 16777215 16777215 16777215 16777215 16777215 16777215 16777215 16777215 16777215 16777215 16777215 16777215 16777215 16777215 16777215 16777215 16777215 16777215 16777215 16777215 16777215 16777215 16777215 16777215 16777215 16777215 16777215 16777215 16711422 16645885 16777215 7897976 45824 4051005 3590710 2019614 5080909 15394282 11251115 7893880 9078410 12631488 16777215 16777215 16777215 16580092 16645885 16580092 16777215 16777215 13616591 30720 42496 29952 37632 39424 27136 12829379 16777215 16645629 
16777215 16777215 16777215 16777215 16777215 16777215 16777215 16777215 16777215 16777215 16777215 16777215 16777215 16777215 16777215 16777215 16777215 16777215 16777215 16777215 16777215 16777215 16777215 16777215 16777215 16777215 16777215 16777215 16777215 16777215 16777215 16711422 16711422 16777215 16777215 8756869 52480 4116798 3656759 1821979 5212239 15065317 6778471 0 0 3628855 10010776 14673887 15526124 16777215 16777215 16777215 16183798 13027270 17920 2473509 3178288 2162721 3719224 3907387 30208 13027526 16777215 16645629 
16777215 16777215 16777215 16777215 16777215 16777215 16777215 16777215 16777215 16777215 16777215 16777215 16777215 16777215 16777215 16777215 16777215 16777215 16777215 16777215 16777215 16777215 16777215 16777215 16777215 16777215 16777215 16777215 16777215 16777215 16711422 16777215 16777215 15657710 10854821 5073741 34048 2526758 3391027 2611751 4690759 15064549 11906741 8489089 11315628 41984 47872 0 5465939 10921638 10536096 11057320 6985578 44800 2593575 3590454 1867548 3114287 2993453 3306034 0 13026246 16777215 16645629 
16777215 16777215 16777215 16777215 16777215 16777215 16777215 16777215 16777215 16777215 16777215 16777215 16777215 16777215 16777215 16777215 16777215 16777215 16777215 16777215 16777215 16777215 16777215 16777215 16777215 16777215 16777215 16777215 16777215 16777215 16711422 16777215 12104120 220419 38912 2345507 3457844 2266402 2397988 2925356 39424 9414799 8561794 3640887 5999195 3323954 2785578 3781689 30464 36608 51456 25600 639497 4447299 1997854 2598439 2663720 1798939 3129391 3781689 38912 13092807 16777215 16645629 
16777215 16777215 16777215 16777215 16777215 16777215 16777215 16777215 16777215 16777215 16777215 16777215 16777215 16777215 16777215 16777215 16777215 16777215 16777215 16777215 16777215 16777215 16777215 16777215 16777215 16777215 16777215 16777215 16777215 16645629 16777215 12434109 21760 2936108 4380738 3458100 2532134 2663720 2730793 2795050 2335267 41216 46336 2605607 1491222 34816 2144288 2994477 2858795 4247360 3715640 3648823 3789625 3394611 2863403 1999134 3527733 3658039 3855162 4578629 21248 12630720 16777215 16645629 
16777215 16777215 16777215 16777215 16777215 16777215 16777215 16777215 16777215 16777215 16777215 16777215 16777215 16777215 16777215 16777215 16777215 16777215 16777215 16777215 16777215 16777215 16777215 16777215 16777215 16777215 16777215 16777215 16777215 16645629 16777215 9608082 48640 4576581 2930220 1999902 2796842 3527733 3658295 3003949 4304449 10921126 6334304 1685529 630537 8294782 5274960 2412836 3987004 3461940 3461172 3393587 3259185 3462196 3920955 3855162 3723320 2740009 41984 1153041 9805205 15000292 16777215 16711422 
16777215 16777215 16777215 16777215 16777215 16777215 16777215 16777215 16777215 16777215 16777215 16777215 16777215 16777215 16777215 16777215 16777215 16777215 16777215 16777215 16777215 16777215 16777215 16777215 16777215 16777215 16777215 16777215 16777215 16645885 16777215 11843508 44544 4445763 3194416 3328306 3461428 3328562 3459636 3066926 4180287 8614019 5423186 2541094 955406 6582884 4490820 1423381 46080 3388467 45312 6587236 8748421 41984 45824 46592 31744 4813897 6118493 10063001 16777215 16777215 16711422 16777215 
16777215 16777215 16777215 16777215 16777215 16777215 16777215 16777215 16777215 16777215 16777215 16777215 16777215 16777215 16777215 16777215 16777215 16777215 16777215 16777215 16777215 16777215 16777215 16777215 16777215 16777215 16777215 16777215 16777215 16777215 16777215 16777215 10858917 45824 4445507 4248384 4182847 3657015 3328818 3525941 3065645 35072 2013986 3789881 4380994 2872363 2672936 5273424 9010313 1410069 3317810 2922028 3446580 37120 9543569 9938071 23808 11708082 10658722 15066853 16777215 16645629 16777215 16777215 
16777215 16777215 16777215 16777215 16777215 16777215 16777215 16777215 16777215 16777215 16777215 16777215 16777215 16777215 16777215 16777215 16777215 16777215 16777215 16777215 16777215 16777215 16777215 16777215 16777215 16777215 16777215 16777215 16777215 16777215 16711422 16777215 16777215 10660770 0 38144 43520 1952029 3591478 3328818 3460405 4053307 3790388 2277923 41472 42240 43776 40448 2960941 31232 37120 3265841 4183871 3528245 7723893 4958795 8694148 16315896 15395818 16777215 16711422 16777215 16777215 16777215 
16777215 16777215 16777215 16777215 16777215 16777215 16777215 16777215 16777215 16777215 16777215 16777215 16777215 16777215 16777215 16777215 16777215 16777215 16777215 16777215 16777215 16777215 16777215 16777215 16777215 16777215 16777215 16777215 16777215 16777215 16777215 16711166 16777215 16776703 13486541 13420748 13485261 6663269 1625624 3656760 3262000 2263337 1346857 3960126 12564159 13683920 13420236 13355467 13093063 13881555 10654882 32000 49152 49152 36608 7115372 16381433 16777215 16777215 16711422 16777215 16777215 16777215 16777215 
16777215 16777215 16777215 16777215 16777215 16777215 16777215 16777215 16777215 16777215 16777215 16777215 16777215 16777215 16777215 16777215 16777215 16777215 16777215 16777215 16777215 16777215 16777215 16777215 16777215 16777215 16777215 16777215 16777215 16777215 16777215 16777215 16711422 16777215 16777215 16777215 16777215 14344922 48128 3987523 3127296 2862478 59578 9338760 16777215 16777215 16777215 16777215 16777215 16777215 16777215 15066085 9871766 9938071 10197403 16118005 16777215 16645629 16711422 16777215 16777215 16777215 16777215 16777215 
16777215 16777215 16777215 16777215 16777215 16777215 16777215 16777215 16777215 16777215 16777215 16777215 16777215 16777215 16777215 16777215 16777215 16777215 16777215 16777215 16777215 16777215 16777215 16777215 16777215 16777215 16777215 16777215 16777215 16777215 16777215 16777215 16777215 16711422 16579836 16448506 16777215 15328233 35840 3655225 3061532 2267991 2266753 14592 14867165 16777215 16448250 16579836 16579836 16514043 16777215 16777215 16777215 16777215 16777215 16777215 16711422 16777215 16777215 16777215 16777215 16777215 16777215 16777215 
16777215 16777215 16777215 16777215 16777215 16777215 16777215 16777215 16777215 16777215 16777215 16777215 16777215 16777215 16777215 16777215 16777215 16777215 16777215 16777215 16777215 16777215 16777215 16777215 16777215 16777215 16777215 16777215 16777215 16777215 16777215 16711422 16645373 16777215 16777215 16777215 16777215 12565695 0 2721577 2265642 2064384 2525503 35953 6461578 15856370 16777215 16777215 16777215 16777215 16645629 16579836 16514299 16579836 16645629 16711422 16777215 16777215 16777215 16777215 16777215 16777215 16777215 16777215 
16777215 16777215 16777215 16777215 16777215 16777215 16777215 16777215 16777215 16777215 16777215 16777215 16777215 16777215 16777215 16777215 16777215 16777215 16777215 16777215 16777215 16777215 16777215 16777215 16777215 16777215 16777215 16777215 16777215 16777215 16711678 16777215 16777215 16446970 13093319 8162684 9290893 1086736 1347604 3658807 3461427 3527738 3395121 3519273 38733 6052701 15196391 15723247 15459819 15789040 16777215 16777215 16777215 16777215 16711678 16711678 16645629 16777215 16777215 16777215 16777215 16777215 16777215 16777215 
16777215 16777215 16777215 16777215 16777215 16777215 16777215 16777215 16777215 16777215 16777215 16777215 16777215 16777215 16777215 16777215 16777215 16777215 16777215 16777215 16777215 16777215 16777215 16777215 16777215 16777215 16777215 16777215 16711422 16777215 16777215 16644861 13223369 6985834 42496 51200 49152 2198561 3592246 3329074 3394355 3394098 3394612 3395893 3984420 43264 34816 2396964 36608 4953931 12500158 12697281 12236730 13815762 16777215 16777215 16777215 16777215 16711422 16777215 16777215 16777215 16777215 16777215 
16777215 16777215 16777215 16777215 16777215 16777215 16777215 16777215 16777215 16777215 16777215 16777215 16777215 16777215 16777215 16777215 16777215 16777215 16777215 16777215 16777215 16777215 16777215 16777215 16777215 16777215 16777215 16645629 16777215 12763842 6521443 7838839 43008 641545 3985980 4116286 3983420 2196513 3394611 3394355 3394099 3394611 3394611 3394355 3329078 3854650 3527477 3265073 3527733 2739753 44288 44032 44544 2140448 7310959 10727587 15592173 16711678 16777215 16711678 16711422 16777215 16777215 16777215 
16777215 16777215 16777215 16777215 16777215 16777215 16777215 16777215 16777215 16777215 16777215 16777215 16777215 16777215 16777215 16777215 16777215 16777215 16777215 16777215 16777215 16777215 16777215 16777215 16777215 16777215 16777215 16645885 16777215 11184554 44544 1429013 4117054 3787833 3328562 3657015 3393075 2000414 3394611 3460660 3527477 3394355 3394355 3394357 3394357 3394357 3526200 3459381 3721784 3656503 4182591 4182591 4379458 3460916 51712 47360 4483396 16315128 16710398 16777215 16777215 16711422 16777215 16777215 
16777215 16777215 16777215 16777215 16777215 16777215 16777215 16777215 16777215 16777215 16777215 16777215 16777215 16777215 16777215 16777215 16777215 16777215 16777215 16777215 16777215 16777215 16777215 16777215 16777215 16711422 16579836 16777215 13948116 3713336 3919931 3984444 3328818 3985212 4313153 2543142 2673704 2196769 3460916 3194928 2730281 3461172 3527219 3460905 3526698 3460393 3128097 3461681 2019360 3723320 4312897 4181823 4116286 4378690 4312897 3723576 3982396 6788199 5409362 11253419 16777215 16777215 16711422 16777215 
16777215 16777215 16777215 16777215 16777215 16777215 16777215 16777215 16777215 16777215 16777215 16777215 16777215 16777215 16777215 16777215 16777215 16777215 16777215 16777215 16711422 16711422 16711422 16711422 16645629 16777215 16777215 16777215 6327648 51968 4050237 3263281 4049725 48384 47616 4571717 3898939 1145361 3527221 3129135 2464293 2132766 1999652 2067772 2133820 2000955 942391 2263086 5278286 45056 48128 47360 47616 47360 1294867 3722040 3198256 183298 1757210 45056 11122345 16777215 16711678 16777215 
16777215 16777215 16777215 16777215 16777215 16777215 16777215 16777215 16777215 16777215 16777215 16777215 16777215 16777215 16777215 16777215 16777215 16777215 16777215 16711422 16777215 16777215 16777215 16777215 16777215 15921650 13946580 10787236 45056 3985724 3394611 3790393 41472 8684164 10463647 16251639 12365756 43008 4248128 3394867 3527481 3128592 1737813 3142858 3275467 3537098 2162638 4694412 16049903 12699331 9937047 10660258 10463135 10923174 6452834 1688857 3854394 3722040 3853114 4446531 41472 13617103 16777215 16580092 
16777215 16777215 16777215 16777215 16777215 16777215 16777215 16777215 16777215 16777215 16777215 16777215 16777215 16777215 16777215 16777215 16777215 16777215 16777215 16777215 16316663 15788778 15857649 15923443 15591149 7575667 42496 42496 3328050 3460404 3588662 47104 9677971 16777215 16777215 15262184 6924649 1886748 3722552 3394355 3328566 3526945 2202201 3075264 3140795 3402427 1437886 5153671 16381173 16777215 16777215 16777215 16777215 16777215 12104632 27904 4509764 3460660 3129391 3187760 41728 7513458 16250359 16777215 
16777215 16777215 16777215 16777215 16777215 16777215 16777215 16777215 16777215 16777215 16777215 16777215 16777215 16777215 16777215 16777215 16777215 16777215 16645629 16777215 11844024 25459 4369472 4113981 665355 40704 4178751 3920699 3526965 3590966 23296 4542277 16776703 16777215 9931671 31744 1691161 3657015 3328818 3394354 3460918 3129129 262144 1209952 2341267 2601101 46221 4948335 16249845 16777215 16645629 16645885 16645629 16645885 16711678 10260124 40704 3855418 3526452 2395940 2731821 3003186 15792112 16777215 
16777215 16777215 16777215 16777215 16777215 16777215 16777215 16777215 16777215 16777215 16777215 16777215 16777215 16777215 16777215 16777215 16777215 16777215 16711422 16777215 16317434 9742515 38400 3529781 2138400 3854650 1271315 1134097 3194928 2793514 24832 4819529 15327977 10597537 42752 3853882 3788345 3328818 3394611 3328564 3527733 2399289 2410405 3341256 3538899 3801041 2359254 5157267 16248562 16777215 16711422 16777215 16777215 16711422 16777215 16777215 10331805 169985 4185155 2789672 3128591 368128 15723760 16777215 
16777215 16777215 16777215 16777215 16777215 16777215 16777215 16777215 16777215 16777215 16777215 16777215 16777215 16777215 16777215 16777215 16777215 16777215 16645629 16777215 15395050 9672585 44800 3846202 2924076 2797866 1732890 2515238 2654760 1071632 2121504 2058527 19712 48640 3920955 3525685 3394355 3394611 3328562 3527998 2328832 1876098 3604439 3407563 3341257 3603401 2097102 5155983 16248818 16777215 16711422 16777215 16777215 16777215 16645629 16777215 16315384 12288 1099264 2398735 37462 10015681 16643576 16777215 
16777215 16777215 16777215 16777215 16777215 16777215 16777215 16777215 16777215 16777215 16777215 16777215 16777215 16777215 16777215 16777215 16777215 16711422 16777215 10065305 9406351 10792357 6391137 25856 2644776 0 1600280 2194977 2329635 3062830 3063854 1403925 3127599 3920699 3393843 3394611 3394611 3394354 3461177 3393823 2138223 3275724 3604437 3538899 3538900 3801043 2228179 5155726 16248818 16777215 16711422 16777215 16777215 16777215 16711422 16777215 16119797 10129819 4374647 7001516 13425638 14541797 16777215 16645629 
16777215 16777215 16777215 16777215 16777215 16777215 16777215 16777215 16777215 16777215 16777215 16777215 16777215 16777215 16777215 16711422 16579836 16777215 14737376 2061343 30208 11578800 7886200 21248 3189552 2530854 3261745 3461428 3395123 3461172 3527221 3061806 3393587 3394611 3394611 3394611 3394611 3394612 3328563 1532416 1742717 2074756 1808248 1874555 1809018 2333820 317097 5487002 16248562 16777215 16711422 16777215 16777215 16777215 16777215 16645885 16777215 15461611 7907758 15263978 16777215 16776700 16711423 16777215 
16777215 16777215 16777215 16777215 16777215 16777215 16777215 16777215 16777215 16777215 16777215 16777215 16777215 16777215 16711422 16777215 16777215 16777215 13026246 18944 3893563 18176 29952 3589174 3462452 3527477 3394867 3394355 3394611 3394355 3394355 3461172 3394611 3394611 3394611 3394611 3328562 3593788 2064384 2010514 3141566 1541738 1475689 1608044 1341535 2869408 1896382 3246190 16183795 16777215 16711422 16777215 16777215 16777215 16777215 16711422 16777215 16119285 15986414 16777215 16645629 16777215 16777215 16777215 
16777215 16777215 16777215 16777215 16777215 16777215 16777215 16777215 16777215 16777215 16777215 16777215 16777215 16580092 16777215 12829123 9281165 10797988 8031610 37376 2927660 4116030 3855674 3329330 3328306 3328306 3394099 3394355 3394355 3394611 3328306 3327794 3394611 3394611 3394611 3394354 3461692 3060736 2273414 3538899 3473359 3538899 3538900 3538900 3538898 4128729 56491 11838378 16777215 16711422 16777215 16777215 16777215 16777215 16777215 16777215 16711422 16777215 16777215 16711422 16777215 16777215 16777215 16777215 
16777215 16777215 16777215 16777215 16777215 16777215 16777215 16777215 16777215 16777215 16777215 16777215 16776959 16777215 16777215 10131866 0 29696 41728 3855674 3461684 3328818 3328306 3394099 3526197 3526709 3526709 3526709 3526453 3593270 2796842 2597671 3527477 3394099 3394611 3394614 3460394 2466112 3009472 3473359 3341000 3341513 3341513 3341513 3473358 4259797 42879 14471896 16777215 16711422 16777215 16777215 16777215 16711422 16645629 16711422 16645629 16711422 16711422 16777215 16777215 16777215 16777215 16777215 
16777215 16777215 16777215 16777215 16777215 16777215 16777215 16777215 16777215 16777215 16711678 16777215 16777215 15856625 14276313 4543557 2788906 4312897 3920443 3262769 3328306 3985212 4117822 3658807 3327282 3193904 3194416 3194416 3193904 3460148 1334804 2465061 3527733 3328562 3394355 3395129 3326981 1806181 3075006 3473359 3538900 3538899 3538899 3538898 3208130 2733716 0 8032122 15329257 16448506 16777215 16777215 16711422 16777215 16777215 16777215 16777215 16711422 16777215 16777215 16777215 16777215 16777215 16777215 
16777215 16777215 16777215 16777215 16777215 16777215 16777215 16777215 16777215 16711422 16579836 16777215 12372412 30976 13568 571400 3657783 3328818 3525685 4117310 4314177 47872 34304 38912 19456 0 0 0 0 25856 677642 3128111 3460916 3394355 3394355 3394870 3328035 1670476 2209172 2341780 2341781 2341781 2274961 2540955 1943176 1266688 3590966 1559066 23808 14802145 16777215 16579836 16777215 15659247 12961223 15395562 12895940 16777215 16645629 16777215 16777215 16777215 16777215 16777215 
16777215 16777215 16777215 16777215 16777215 16777215 16777215 16777215 16711422 16777215 16777215 16777215 6716262 20480 3782713 3723832 3656503 4116798 2999853 44544 32512 7371632 8878983 14867426 15526636 15329769 15395306 15329769 15461611 15195879 6000475 1429525 3722040 3394611 3394355 3395130 3260928 2071917 3538902 2941363 2874544 2941106 3074747 2742190 1077862 2796834 3461688 4313921 44032 13355723 16777215 16580093 16777215 15071226 36997 11380133 0 15789296 16777215 16645629 16777215 16777215 16777215 16777215 
16777215 16777215 16777215 16777215 16777215 16777215 16777215 16711422 16777215 15066597 10461599 14607070 8615299 24832 4182079 4313921 2345251 48640 222979 11708850 13289162 16447738 16777215 16777215 16777215 16777215 16777215 16777215 16777215 16777215 7116908 51712 3853370 3394611 3394355 3395129 3326464 2927228 3932115 4063190 4325337 3997652 2871723 2336877 2662912 3460919 3328819 3787577 773387 6000475 16512763 16777215 16777215 11450542 48384 2131999 31744 6727014 13025478 16777215 16711678 16777215 16777215 16777215 
16777215 16777215 16777215 16777215 16777215 16777215 16777215 16514299 16777215 13228233 26624 3818810 3964476 3528245 3132463 38912 3171376 10923686 15658222 16777215 16777215 16777215 16711422 16711422 16645629 16711422 16711422 16514043 16777215 15656430 4749384 2281250 3656759 3394611 3394355 3461684 2791717 45709 62655 57262 49813 28213 2076160 4114465 3724862 3328305 3394611 3394355 4051773 19968 12695745 16777215 16513019 6064731 55808 3386163 3584310 51200 2912044 15790064 16777215 16711422 16777215 16777215 
16777215 16777215 16777215 16777215 16777215 16777215 16777215 16777215 16777215 14017237 29696 2859819 3592758 41984 1596952 11379885 15460843 16777215 16777215 16711422 16579836 16711422 16777215 16777215 16777215 16777215 16645629 16777215 15789040 5805912 45312 3919419 3328818 3394611 3328562 3462195 2594604 10651802 10666676 10264221 14339540 11450026 2201893 48384 3065389 3920956 3263537 3394355 3854138 45056 6260831 16250103 16777215 7570291 33792 2584359 2401060 3831866 38144 11252395 16777215 16645629 16777215 16777215 
16777215 16777215 16777215 16777215 16777215 16777215 16645373 14080982 14280409 11121577 45824 5366353 38144 7628404 15855345 16777215 16777215 16645629 16711422 16777215 16777215 16777215 16777215 16777215 16777215 16711422 16777215 15789296 6331744 51456 4182847 3263281 3394611 3328818 3853882 50688 7774326 16447482 16776959 16711166 16777215 16777215 15460331 10659234 1531671 41984 3984444 3263537 3329074 4115774 30976 13291210 15920626 4682055 1490710 3589174 3391795 2269986 2926892 14013397 16777215 16645885 16777215 16777215 
16777215 16777215 16777215 16777215 16711422 16777215 16381689 3567926 26368 37120 3921211 33024 7761014 16448250 16777215 16645629 16645629 16777215 16777215 16777215 16777215 16777215 16777215 16777215 16711422 16580092 16777215 11447726 45824 4707143 3197232 3394611 3328818 3853114 4510532 42752 13551822 16777215 16645886 16777215 16645372 16711678 16777215 16777215 15592173 9011081 44288 4182335 3328818 3853370 52480 8169084 11115433 39680 4380226 3329330 3852346 52480 7770998 16777215 16711678 16777215 16777215 16777215 
16777215 16777215 16777215 16711422 16777215 16777215 16777215 6249567 2397476 46592 3233585 11380653 16119285 16777215 16645629 16777215 16777215 16777215 16777215 16777215 16777215 16777215 16711422 16579836 16777215 16777215 13355723 1092112 3985468 3394099 3394611 3263281 3984956 2280738 49920 7114860 16776703 16711678 16711422 16711422 16777215 16777215 16711422 16579836 16777215 14341594 28416 3396147 3525429 3394355 3461172 3585590 2712105 3459892 3394611 3527733 2983981 1492502 6657125 16710398 16777215 16711422 16777215 16777215 
16777215 16777215 16645629 16777215 16119797 9941655 7955065 3510069 48128 6519139 14210008 16777215 16777215 16645629 16777215 16777215 16777215 16777215 16777215 16777215 16777215 16711422 16777215 16777215 16382457 13089735 23808 2805802 3656759 3394867 3394867 3788857 50688 6396513 7507570 14278105 16777215 16711422 16777215 16777215 16777215 16777215 16777215 16777215 16645885 16777215 9020297 51456 3984956 3328562 3526965 2864939 2336035 3527221 3329330 2922796 2990125 44800 8888455 16776959 16777215 16777215 16777215 16777215 
16777215 16777215 16777215 16777215 12104632 18944 34048 36096 11254187 16777215 16777215 16645629 16711422 16777215 16777215 16777215 16777215 16777215 16777215 16777215 16711422 16777215 14145495 12039351 7041899 32512 3326770 3723064 3395123 3327538 3655735 1491990 7906936 16051956 16777215 16777215 16777215 16777215 16777215 16777215 16777215 16777215 16777215 16777215 16645629 16777215 14605022 22272 3788857 3591734 3328562 3460404 3459892 3328818 3787577 38912 3642167 12105912 16053236 16777215 16711422 16777215 16777215 16777215 
16777215 16448250 14408155 13752529 350725 32512 9941399 14999524 16776959 16777215 16645629 16777215 16777215 16777215 16777215 16777215 16777215 16777215 16777215 16645629 16777215 15263720 0 42496 1424917 4117566 3526197 3394867 2796330 2261282 1672985 1670937 14933987 16777215 16514299 16579836 16711422 16777215 16777215 16777215 16777215 16777215 16777215 16777215 16777215 16777215 16777215 11511471 27904 3919163 3591734 3328818 3461172 3591478 3002413 3780921 14276569 16777215 16777215 16711422 16777215 16777215 16777215 16777215 
16777215 16316920 13289418 4678727 9283981 14933987 16777215 16777215 16777215 16711422 16777215 16777215 16777215 16777215 16777215 16777215 16777215 16777215 16777215 16645629 16777215 14868962 0 1754138 4511556 3590454 3656759 3328562 2863403 3394611 3788857 1688601 5602389 15526380 16777215 16777215 16777215 16645629 16711422 16777215 16777215 16777215 16777215 16777215 16777215 16711422 16777215 16646141 5978971 41216 3657527 3526453 2597927 4245312 40960 10589857 16777215 16579836 16711422 16777215 16777215 16777215 16777215 16777215 
16711422 16777215 16777215 16316152 16710654 16777215 16645885 16711422 16711422 16777215 16777215 16777215 16777215 16777215 16777215 16777215 16777215 16777215 16777215 16777215 16711422 16777215 13092039 7180653 49408 2019358 2150176 3920443 3460916 3394355 3329074 3984444 37632 6462563 14276058 13880787 15855858 16777215 16777215 16777215 16777215 16777215 16777215 16777215 16777215 16777215 16777215 16579836 16514299 11447726 34560 4906570 3778617 47360 25600 15526124 16777215 16711422 16777215 16777215 16777215 16777215 16777215 16777215 
16777215 16777215 16645629 16777215 16777215 16645629 16777215 16777215 16777215 16777215 16777215 16777215 16777215 16777215 16777215 16777215 16777215 16777215 16777215 16777215 16777215 16711422 16777215 16710398 9085578 5082957 5210959 39168 4183615 3853882 3920443 3189295 3777852 887808 37376 40192 7386978 10081174 14146520 16777215 16711422 16777215 16777215 16777215 16777215 16777215 16777215 16776959 16777215 16777215 10726819 40448 50432 2849835 12038327 16777215 16776959 16777215 16777215 16777215 16777215 16777215 16777215 16777215 
16777215 16777215 16777215 16711422 16711422 16777215 16777215 16777215 16777215 16777215 16777215 16777215 16777215 16777215 16777215 16777215 16777215 16777215 16777215 16777215 16777215 16777215 16645629 16777215 16710654 16512763 16052212 7630708 30976 48640 48640 45056 54784 30532 2009988 46080 33137 38912 23040 16118517 16777215 16711422 16777215 16777215 16777215 16777215 16777215 16777215 16579836 16777215 14934499 10329757 11185834 15724015 16777215 16777215 16711422 16777215 16777215 16777215 16777215 16777215 16777215 16777215 
16777215 16777215 16777215 16777215 16777215 16777215 16777215 16777215 16777215 16777215 16777215 16777215 16777215 16777215 16777215 16777215 16777215 16777215 16777215 16777215 16777215 16777215 16777215 16711422 16777215 16777215 16777215 16119541 15064805 10793636 10136474 11385261 5998677 7704196 6917012 9080703 15202810 15001324 14868192 16580092 16777215 16777215 16777215 16777215 16777215 16777215 16777215 16777215 16777215 16711422 16777215 16777215 16777215 16777215 16711422 16711422 16777215 16777215 16777215 16777215 16777215 16777215 16777215 16777215 
16777215 16777215 16777215 16777215 16777215 16777215 16777215 16777215 16777215 16777215 16777215 16777215 16777215 16777215 16777215 16777215 16777215 16777215 16777215 16777215 16777215 16777215 16777215 16777215 16711422 16777215 16645629 16777215 16777215 16777215 16777215 16777215 16775935 16776702 16776186 16777215 16777215 16777215 16777215 16777215 16777215 16777215 16777215 16777215 16777215 16777215 16777215 16777215 16777215 16777215 16711422 16645629 16645629 16711422 16777215 16777215 16777215 16777215 16777215 16777215 16777215 16777215 16777215 16777215 
16777215 16777215 16777215 16777215 16777215 16777215 16777215 16777215 16777215 16777215 16777215 16777215 16777215 16777215 16777215 16777215 16777215 16777215 16777215 16777215 16777215 16777215 16777215 16777215 16777215 16777215 16777215 16711422 16645629 16711678 16777215 16711678 16777215 16777215 16777215 16777215 16645886 16645629 16645629 16777215 16777215 16777215 16777215 16777215 16777215 16777215 16777215 16777215 16777215 16777215 16777215 16777215 16777215 16777215 16777215 16777215 16777215 16777215 16777215 16777215 16777215 16777215 16777215 16777215 
16777215 16777215 16777215 16777215 16777215 16777215 16777215 16777215 16777215 16777215 16777215 16777215 16777215 16777215 16777215 16777215 16777215 16777215 16777215 16777215 16777215 16777215 16777215 16777215 16777215 16777215 16777215 16777215 16777215 16777215 16777215 16776959 16711423 16777215 16776958 16777215 16777215 16777215 16777215 16777215 16777215 16777215 16777215 16777215 16777215 16777215 16777215 16777215 16777215 16777215 16777215 16777215 16777215 16777215 16777215 16777215 16777215 16777215 16777215 16777215 16777215 16777215 16777215 16777215 
16777215 16777215 16777215 16777215 16777215 16777215 16777215 16777215 16777215 16777215 16777215 16777215 16777215 16777215 16777215 16777215 16777215 16777215 16777215 16777215 16777215 16777215 16777215 16777215 16777215 16777215 16777215 16777215 16777215 16777215 16777215 16777215 16777215 16777215 16777215 16777215 16777215 16777215 16777215 16777215 16777215 16777215 16777215 16777215 16777215 16777215 16777215 16777215 16777215 16777215 16777215 16777215 16777215 16777215 16777215 16777215 16777215 16777215 16777215 16777215 16777215 16777215 16777215 16777215 
16777215 16777215 16777215 16777215 16777215 16777215 16777215 16777215 16777215 16777215 16777215 16777215 16777215 16777215 16777215 16777215 16777215 16777215 16777215 16777215 16777215 16777215 16777215 16777215 16777215 16777215 16777215 16777215 16777215 16777215 16777215 16777215 16777215 16777215 16777215 16777215 16777215 16777215 16777215 16777215 16777215 16777215 16777215 16777215 16777215 16777215 16777215 16777215 16777215 16777215 16777215 16777215 16777215 16777215 16777215 16777215 16777215 16777215 16777215 16777215 16777215 16777215 16777215 16777215 
