Width: 64
Height: 64
Panels: 1 
16777215 16777215 16777215 16777215 16777215 16777215 16777215 16777215 16777215 16777215 16777215 16777215 16777215 16777215 16777215 16777215 16777215 16777215 16777215 16777215 16777215 16777215 16777215 16777215 16777215 16777215 16777215 16777215 16777215 16777215 16777215 16777215 16777215 16777215 16777215 16777215 16777215 16777215 16777215 16777215 16777215 16777215 16777215 16777215 16777215 16777215 16777215 16777215 16777215 16777215 16777215 16777215 16777215 16777215 16777215 16777215 16777215 16777215 16777215 16777215 16777215 16777215 16777215 16777215 
16777215 16777215 16777215 16777215 16777215 16777215 16777215 16777215 16777215 16777215 16777215 16777215 16777215 16777215 16777215 16777215 16777215 16777215 16777215 16777215 16777215 16777215 16777215 16777215 16777215 16777215 16777215 16777215 16777215 16777215 16777215 16777215 16777215 16777215 16777215 16777215 16777215 16777215 16777215 16777215 16777215 16777215 16777215 16777215 16777215 16777215 16777215 16777215 16777215 16777215 16777215 16777215 16777215 16777215 16777215 16777215 16777215 16777215 16777215 16777215 16777215 16777215 16777215 16777215 
16777215 16777215 16777215 16777215 16777215 16777215 16777215 16777215 16777215 16777215 16777215 16777215 16777215 16777215 16777215 16777215 16777215 16777215 16777215 16777215 16777215 16777215 16777215 16777215 16777215 16777215 16777215 16777215 16777215 16777215 16777215 16777215 16777215 16777215 16777215 16777215 16777215 16777215 16777215 16777215 16777215 16777215 16777215 16777215 16777215 16777215 16777215 16777215 16777215 16777215 16777215 16777215 16777215 16777215 16777215 16777215 16777215 16777215 16777215 16777215 16777215 16777215 16777215 16777215 
16777215 16777215 16777215 16777215 16777215 16777215 16777215 16777215 16777215 16777215 16777215 16777215 16777215 16777215 16777215 16777215 16777215 16777215 16777215 16777215 16777215 16777215 16777215 16777215 16777215 16777215 16777215 16777215 16777215 16777215 16777215 16777215 16777215 16777215 16777215 16777215 16777215 16777215 16777215 16777215 16777215 16777215 16777215 16777215 16777215 16777215 16777215 16777215 16777215 16777215 16777215 16777215 16777215 16777215 16777215 16777215 16777215 16777215 16777215 16777215 16777215 16777215 16777215 16777215 
16777215 16777215 16777215 16777215 16777215 16777215 16777215 16777215 16777215 16777215 16777215 16777215 16777215 16777215 16777215 16777215 16777215 16777215 16777215 16777215 16777215 16777215 16777215 16777215 16777215 16777215 16777215 16777215 16777215 16777215 16777215 16777215 16777215 16777215 16777215 16777215 16777215 16777215 16777215 16777215 16777215 16711422 16777215 16711422 16711422 16777215 16777215 16777215 16777215 16777215 16777215 16777215 16777215 16777215 16777215 16777215 16777215 16777215 16777215 16777215 16777215 16777215 16777215 16777215 
16777215 16777215 16777215 16777215 16777215 16777215 16777215 16777215 16777215 16777215 16777215 16777215 16777215 16777215 16777215 16777215 16777215 16777215 16777215 16777215 16777215 16777215 16777215 16777215 16777215 16777215 16777215 16777215 16777215 16777215 16777215 16777215 16777215 16777215 16777215 16777215 16777215 16777215 16777215 16711422 16777215 16777215 16711422 16777215 16777215 16645629 16777215 16777215 16777215 16777215 16777215 16777215 16777215 16777215 16777215 16777215 16777215 16777215 16777215 16777215 16777215 16777215 16777215 16777215 
16777215 16777215 16777215 16777215 16777215 16777215 16777215 16777215 16777215 16777215 16777215 16777215 16777215 16777215 16777215 16777215 16777215 16777215 16777215 16777215 16777215 16777215 16777215 16777215 16777215 16777215 16777215 16777215 16777215 16777215 16777215 16777215 16777215 16777215 16777215 16777215 16711422 16711422 16645629 16777215 16777215 16315384 16777215 14077910 15526892 16777215 16645629 16777215 16777215 16777215 16777215 16777215 16777215 16777215 16777215 16777215 16777215 16777215 16777215 16777215 16777215 16777215 16777215 16777215 
16777215 16777215 16777215 16777215 16777215 16777215 16777215 16777215 16777215 16777215 16777215 16777215 16777215 16777215 16777215 16777215 16777215 16777215 16777215 16777215 16777215 16777215 16777215 16777215 16777215 16777215 16777215 16777215 16777215 16777215 16777215 16777215 16777215 16777215 16777215 16776959 16777215 16777215 16777215 16711422 9013385 4951371 12306363 3179056 6909545 15987443 16777215 16711422 16777215 16777215 16777215 16777215 16777215 16777215 16777215 16777215 16777215 16777215 16777215 16777215 16777215 16777215 16777215 16777215 
16777215 16777215 16777215 16777215 16777215 16777215 16777215 16777215 16777215 16777215 16777215 16777215 16777215 16777215 16777215 16777215 16777215 16777215 16777215 16777215 16777215 16777215 16777215 16777215 16777215 16777215 16777215 16777215 16777215 16777215 16777215 16777215 16777215 16777215 16777215 16711678 16645629 14737376 10003864 8022906 33792 43008 30464 37888 30720 12697793 16777215 16645629 16777215 16777215 16777215 16777215 16777215 16777215 16777215 16711422 16711422 16711678 16711422 16711422 16711422 16711422 16777215 16777215 
16777215 16777215 16777215 16777215 16777215 16777215 16777215 16777215 16777215 16777215 16777215 16777215 16777215 16777215 16777215 16777215 16777215 16777215 16777215 16777215 16777215 16777215 16777215 16777215 16777215 16777215 16777215 16777215 16777215 16777215 16777215 16777215 16777215 16777215 16645629 16777215 12630720 33280 48128 13824 4833353 10002072 9412239 8298622 359429 12830147 16777215 16645629 16777215 16777215 16777215 16777215 16777215 16777215 16711422 16777215 16777215 16777215 16777215 16777215 16777215 16777215 16711422 16777215 
16777215 16777215 16777215 16777215 16777215 16777215 16777215 16777215 16777215 16777215 16777215 16777215 16777215 16777215 16777215 16777215 16777215 16777215 16777215 16777215 16777215 16777215 16777215 16777215 16777215 16777215 16777215 16777215 16777215 16777215 16777215 16777215 16777215 16711422 16777215 16249847 5938010 1494806 4640070 2475301 5349713 15657710 13224137 10131354 11841204 12632000 16777215 16514043 16645629 16711422 16711422 16645629 16711422 16645629 16711422 16711422 11450542 8297086 9281165 8358783 10663330 16448250 16777215 16711422 
16777215 16777215 16777215 16777215 16777215 16777215 16777215 16777215 16777215 16777215 16777215 16777215 16777215 16777215 16777215 16777215 16777215 16777215 16777215 16777215 16777215 16777215 16777215 16777215 16777215 16777215 16777215 16777215 16777215 16777215 16777215 16777215 16777215 16711422 16777215 12366780 35072 4183103 3590454 2150944 5145934 14736352 8225149 10592929 12106168 13093063 16777215 16777215 16777215 16777215 16777215 16777215 16777215 16777215 16777215 14341082 38912 48640 37376 36864 32768 12959685 16777215 16645629 
16777215 16777215 16777215 16777215 16777215 16777215 16777215 16777215 16777215 16777215 16777215 16777215 16777215 16777215 16777215 16777215 16777215 16777215 16777215 16777215 16777215 16777215 16777215 16777215 16777215 16777215 16777215 16777215 16777215 16777215 16777215 16777215 16645629 16711678 16777215 7966329 49920 4183359 3656759 1625112 5408338 15327977 10329757 9934231 13224137 5589077 14605022 15263720 14933219 15592685 16381945 14735840 16316152 15657966 14800609 7904632 1425685 3636279 3847482 3565878 18432 13166280 16777215 16645885 
16777215 16777215 16777215 16777215 16777215 16777215 16777215 16777215 16777215 16777215 16777215 16777215 16777215 16777215 16777215 16777215 16777215 16777215 16777215 16777215 16777215 16777215 16777215 16777215 16777215 16777215 16777215 16777215 16777215 16777215 16777215 16777215 16777215 16777215 14802401 4678727 298756 2525734 3259953 3529269 1943069 12764610 11250091 6260319 9871766 27648 30976 0 37376 4415299 8757637 36352 8560770 5414994 33280 33792 3392819 1721882 3657271 3117103 6144 13234633 16777215 16645885 
16777215 16777215 16777215 16777215 16777215 16777215 16777215 16777215 16777215 16777215 16777215 16777215 16777215 16777215 16777215 16777215 16777215 16777215 16777215 16777215 16777215 16777215 16777215 16777215 16777215 16777215 16777215 16777215 16777215 16777215 16777215 16579836 15000548 9807509 1809435 1293843 3522357 2864171 2597671 3059246 2411812 4046909 3058478 30208 46848 3248945 2333219 3524917 3254577 2010654 51712 3246129 39936 2806826 3852602 2591015 3328818 1733146 3195184 3713080 32256 13103047 16777215 16645885 
16777215 16777215 16777215 16777215 16777215 16777215 16777215 16777215 16777215 16777215 16777215 16777215 16777215 16777215 16777215 16777215 16777215 16777215 16777215 16777215 16777215 16777215 16777215 16777215 16777215 16777215 16777215 16777215 16777215 16711422 16777215 16250871 131074 43776 3331378 3855418 2731561 1866780 269828 0 937998 31744 1753114 4250176 4249920 43264 3251249 3391795 2590759 3921979 3387699 2399268 4052285 3723576 3328562 2924076 3061806 3724344 3657783 4250176 45824 13358539 16777215 16645629 
16777215 16777215 16777215 16777215 16777215 16777215 16777215 16777215 16777215 16777215 16777215 16777215 16777215 16777215 16777215 16777215 16777215 16777215 16777215 16777215 16777215 16777215 16777215 16777215 16777215 16777215 16777215 16777215 16777215 16711422 16777215 16250615 5680470 2805034 3919931 2532134 2597671 3195696 3459636 2340131 3435828 10197659 5600853 693770 44288 9093514 12631232 46848 773131 3067694 3459636 3659063 2276130 2535206 3593270 51456 2738729 2674728 3060526 39424 11056808 16776447 16777215 16776959 
16777215 16777215 16777215 16777215 16777215 16777215 16777215 16777215 16777215 16777215 16777215 16777215 16777215 16777215 16777215 16777215 16777215 16777215 16777215 16777215 16777215 16777215 16777215 16777215 16777215 16777215 16777215 16777215 16777215 16711678 16777215 16317688 5818712 2805290 3518517 2532134 3527221 3394867 3460148 3002157 4444739 9475472 5071693 1550359 40704 7638900 8034170 1147409 7057515 4243776 3128111 43776 8945288 6055260 1228562 7718773 4160575 4820809 8224125 9865622 16777215 16777215 16711422 16777215 
16777215 16777215 16777215 16777215 16777215 16777215 16777215 16777215 16777215 16777215 16777215 16777215 16777215 16777215 16777215 16777215 16777215 16777215 16777215 16777215 16777215 16777215 16777215 16777215 16777215 16777215 16777215 16777215 16777215 16711422 16777215 16251127 2883628 42496 2609191 4445251 4248384 4051261 3395891 3526453 3132719 41984 1751070 4185666 4511300 2017567 510727 3916859 13355979 9615762 35840 3051310 4099902 2789674 2723625 11577008 5399122 11460014 13749201 14277593 16777215 16645629 16777215 16777215 
16777215 16777215 16777215 16777215 16777215 16777215 16777215 16777215 16777215 16777215 16777215 16777215 16777215 16777215 16777215 16777215 16777215 16777215 16777215 16777215 16777215 16777215 16777215 16777215 16777215 16777215 16777215 16777215 16777215 16777215 16777215 16579836 15526892 10727075 3906363 44800 43776 45312 3192112 2996781 3460660 4119104 3919922 43520 44032 44800 45056 44800 29440 893197 41984 1816859 3660343 4052029 4116798 29184 25856 10466463 16777215 16777215 16711422 16777215 16777215 16777215 
16777215 16777215 16777215 16777215 16777215 16777215 16777215 16777215 16777215 16777215 16777215 16777215 16777215 16777215 16777215 16777215 16777215 16777215 16777215 16777215 16777215 16777215 16777215 16777215 16777215 16777215 16777215 16777215 16777215 16777215 16777215 16777215 16777215 16777215 15197415 12039607 12960965 11051688 25088 3059246 3328309 2853906 38196 9223597 12959170 12434622 12565695 12631488 12435389 12302011 12899012 6191710 41728 51456 49408 37376 10268060 14736352 16777215 16645629 16777215 16777215 16777215 16777215 
16777215 16777215 16777215 16777215 16777215 16777215 16777215 16777215 16777215 16777215 16777215 16777215 16777215 16777215 16777215 16777215 16777215 16777215 16777215 16777215 16777215 16777215 16777215 16777215 16777215 16777215 16777215 16777215 16777215 16777215 16777215 16777215 16711166 16711422 16777215 16777215 16777215 15327977 40960 4186175 3328054 1245184 1302199 6217398 16379378 16777215 16777215 16777215 16777215 16777215 16777215 16381689 12566207 8499073 8631683 11313068 16777215 16777215 16711422 16777215 16777215 16777215 16777215 16777215 
16777215 16777215 16777215 16777215 16777215 16777215 16777215 16777215 16777215 16777215 16777215 16777215 16777215 16777215 16777215 16777215 16777215 16777215 16777215 16777215 16777215 16777215 16777215 16777215 16777215 16777215 16777215 16777215 16777215 16777215 16777215 16777215 16777215 16777215 16711422 16514043 16777215 14605022 35840 2855723 3195444 2728960 2733204 44938 15064031 16777215 16448250 16645629 16645629 16645629 16645629 16777215 16777215 16777215 16777215 16777215 16777215 16645629 16777215 16777215 16777215 16777215 16777215 16777215 
16777215 16777215 16777215 16777215 16777215 16777215 16777215 16777215 16777215 16777215 16777215 16777215 16777215 16777215 16777215 16777215 16777215 16777215 16777215 16777215 16777215 16777215 16777215 16777215 16777215 16777215 16777215 16777215 16777215 16777215 16777215 16777215 16777215 16777215 16711422 16777215 16777215 15262952 23552 3521333 3328051 3394097 3388705 32542 7565426 16249847 16777215 16711422 16711422 16777215 16777215 16711422 16711422 16711678 16711422 16711422 16711422 16777215 16777215 16777215 16777215 16777215 16777215 16777215 
16777215 16777215 16777215 16777215 16777215 16777215 16777215 16777215 16777215 16777215 16777215 16777215 16777215 16777215 16777215 16777215 16777215 16777215 16777215 16777215 16777215 16777215 16777215 16777215 16777215 16777215 16777215 16777215 16777215 16777215 16777215 16777215 16711422 16645629 16777215 16710910 13422540 7959673 2007070 3725368 3394355 3394868 3395637 4051511 44288 7446385 15657198 16777215 16777215 16645885 16711422 16711166 16711422 16777215 16777215 16777215 16777215 16777215 16777215 16777215 16777215 16777215 16777215 16777215 
16777215 16777215 16777215 16777215 16777215 16777215 16777215 16777215 16777215 16777215 16777215 16777215 16777215 16777215 16777215 16777215 16777215 16777215 16777215 16777215 16777215 16777215 16777215 16777215 16777215 16777215 16777215 16777215 16777215 16777215 16777215 16645629 16711678 16777215 15854833 6709094 43520 46336 3190832 3460916 3394355 3394611 3394356 3263027 4117309 2018334 28928 11642545 16777215 16777215 16777215 16777215 16777215 16645629 16777215 16777215 16777215 16777215 16777215 16777215 16777215 16777215 16777215 16777215 
16777215 16777215 16777215 16777215 16777215 16777215 16777215 16777215 16777215 16777215 16777215 16777215 16777215 16777215 16777215 16777215 16777215 16777215 16777215 16777215 16777215 16777215 16777215 16777215 16777215 16777215 16777215 16777215 16777215 16777215 16711422 16777215 16777215 11383213 5216079 47360 3919163 3383603 3395379 3394611 3394355 3394355 3394611 3394611 3263025 3919675 2673192 42496 8756869 8295550 12436157 15788528 16513275 16777215 16711422 16711422 16777215 16777215 16777215 16777215 16777215 16777215 16777215 16777215 
16777215 16777215 16777215 16777215 16777215 16777215 16777215 16777215 16777215 16777215 16777215 16777215 16777215 16777215 16777215 16777215 16777215 16777215 16777215 16777215 16777215 16777215 16777215 16777215 16777215 16777215 16777215 16777215 16777215 16645629 16777215 14670815 9938071 46080 1822235 4117310 3262001 1867548 3394611 3328306 3461172 3461172 3328563 3394355 3394611 3328562 3657015 3854906 49920 50688 45056 35072 8955016 14143959 16777215 16777215 16645885 16777215 16777215 16777215 16777215 16777215 16777215 16777215 
16777215 16777215 16777215 16777215 16777215 16777215 16777215 16777215 16777215 16777215 16777215 16777215 16777215 16777215 16777215 16777215 16777215 16777215 16777215 16777215 16777215 16777215 16777215 16777215 16777215 16777215 16777215 16777215 16645629 16777215 15525356 34304 49152 4379202 3655991 3658295 2923052 1271059 3460916 2132512 2530854 3129392 3527732 3461173 3395131 3527227 3394868 3393843 4050493 4115774 3723064 3855674 49408 41728 8164476 15395050 16777215 16645885 16711422 16777215 16777215 16777215 16777215 16777215 
16777215 16777215 16777215 16777215 16777215 16777215 16777215 16777215 16777215 16777215 16777215 16777215 16777215 16777215 16777215 16777215 16777215 16777215 16777215 16777215 16777215 16777215 16777215 16777215 16777215 16777215 16777215 16777215 16711678 16776959 10727843 47872 4642118 3196976 3984956 2478885 29184 1922845 3461684 3394867 2730537 2331938 2133032 2730008 3393280 2596096 3261491 3527994 3657271 3853882 3656247 3393843 4050749 3920187 50432 5414226 15525100 16777215 16777215 16711422 16777215 16777215 16777215 16777215 
16777215 16777215 16777215 16777215 16777215 16777215 16777215 16777215 16777215 16777215 16777215 16777215 16777215 16777215 16777215 16777215 16777215 16777215 16777215 16777215 16777215 16777215 16777215 16777215 16777215 16777215 16777215 16514043 16777215 12631232 43008 4314177 3328306 3526709 48384 5405266 7901048 47104 3723064 3328562 3593529 3128081 1274970 2541471 2005352 1476463 1335808 3056128 29952 50688 2413092 3854138 4247616 3591222 4312897 1821723 2921772 10595233 16777215 16777215 16645629 16777215 16777215 16777215 
16777215 16777215 16777215 16777215 16777215 16777215 16777215 16777215 16777215 16777215 16777215 16777215 16777215 16777215 16777215 16777215 16777215 16777215 16777215 16777215 16777215 16777215 16777215 16711422 16711422 16645629 16711422 16777215 16381689 6331488 2017822 3787833 3657015 2343459 10268316 9205900 7913592 1757722 3656503 3328561 3527997 2463232 944220 3669977 3604441 3604439 3398835 44425 9210256 9546639 3442229 45824 48128 3065390 3459892 3787833 3133999 46848 10202267 16776959 16777215 16711422 16777215 16777215 
16777215 16777215 16777215 16777215 16777215 16777215 16777215 16777215 16777215 16777215 16777215 16777215 16777215 16777215 16777215 16777215 16777215 16777215 16777215 16777215 16777215 16711679 16645886 16777215 16777215 16777215 16645885 14210264 12168377 37376 3987004 3852858 53760 5672022 11118761 965646 50176 3787833 3328818 3394614 3394342 2401106 2875574 2608546 2541213 2541470 4325332 52380 10986917 16777215 16249591 12107192 10066585 4358978 3067950 3393843 3656247 4313665 47616 10334109 16776959 16777215 16711422 16777215 
16777215 16777215 16777215 16777215 16777215 16777215 16777215 16777215 16777215 16777215 16777215 16777215 16777215 16777215 16777215 16777215 16777215 16777215 16777215 16777215 16711679 16777214 16777215 15986419 15722991 16183030 10790820 40448 38912 3785529 3590710 1033999 4098110 4873034 45824 3527221 3853626 3263538 3394098 3527481 2995200 1409128 3141567 2741931 2674854 2675368 4127947 62141 10464423 16777215 16777215 16777215 16777215 8362111 50432 4642630 3263793 3460660 3911483 43520 10793380 16777215 16711422 16777215 
16777215 16777215 16777215 16777215 16777215 16777215 16777215 16777215 16777215 16777215 16777215 16777215 16777215 16777215 16777215 16777215 16777215 16777215 16777215 16711679 16776958 15925247 12574171 5346111 2266665 3445812 40704 3652663 3451956 2928940 490247 3979324 12364476 7776118 576520 3853370 3328818 3394354 3461178 3128064 2338686 3274952 3407306 3538899 3538899 3538898 4194256 60600 10595752 16777215 16645629 16645629 16777215 15921394 6396257 36864 3785529 3129903 3383603 37120 7181677 16777215 16711678 16777215 
16777215 16777215 16777215 16777215 16777215 16777215 16777215 16777215 16777215 16777215 16777215 16777215 16777215 16777215 16777215 16777215 16777215 16777215 16777215 16711679 16776957 16056319 5693664 1163055 3064610 2472489 3523637 2264866 3196208 2460453 14592 4084542 6978666 46336 3854650 3328562 3394611 3394356 3461172 2398491 2809784 3604436 3407820 3407820 3407820 3341514 4325334 63425 10530216 16777215 16645886 16777215 16645629 16777215 12828867 4063294 2993709 2795562 3575606 39424 10270876 16777215 16711678 16777215 
16777215 16777215 16777215 16777215 16777215 16777215 16777215 16777215 16777215 16777215 16777215 16777215 16777215 16777215 16777215 16777215 16777215 16777215 16777215 16777215 16711679 13158086 6315106 39168 3651125 1730330 2053663 2591783 1536791 1592344 2252066 2304 49920 3854138 3263281 3394611 3394355 3460923 3260160 2207106 3538900 3274437 3275207 3274950 3341000 3342027 3523742 42363 10266274 16777215 16645886 16777215 16777215 16580092 16777215 14411739 50176 4239424 35072 25344 15529196 16777215 16711422 16777215 
16777215 16777215 16777215 16777215 16777215 16777215 16777215 16777215 16777215 16777215 16777215 16777215 16777215 16777215 16777215 16777215 16777215 16777215 16777215 16711422 16777215 14145495 8486775 4425276 2274085 2862378 2383908 2455589 740107 2465317 3063598 3260209 3722296 3329074 3394611 3394611 3394354 3461178 2928896 1407320 3207618 2142091 2008964 1942144 2408344 3669965 1829818 4904108 16250871 16777215 16579836 16776959 16777215 16645885 16777215 14347738 46848 33792 6252383 12894916 16777215 16777215 16777215 16777215 
16777215 16777215 16777215 16777215 16777215 16777215 16777215 16777215 16777215 16777215 16777215 16777215 16777215 16777215 16777215 16777215 16777215 16777215 16777215 16711422 16777215 16052209 12314084 4892524 1734400 1795360 1934365 3063086 3593526 3461172 3461172 3460916 3394355 3394611 3394611 3394611 3394356 3527216 2066738 2143125 3207616 3473359 3407820 3407821 3407564 3604431 2685126 3760734 10526621 15395306 16777215 16777215 16711422 16645629 16777215 14013397 0 9143947 16710910 16777215 16777215 16776959 16777215 16777215 
16777215 16777215 16777215 16777215 16777215 16777215 16777215 16777215 16777215 16777215 16777215 16777215 16777215 16777215 16777215 16777215 16777215 16777215 16645629 16777215 12237754 7438190 8163217 0 3312940 2997550 3526965 3461172 3328562 3394355 3328562 3394867 3394867 3394355 3394611 3394611 3394357 3526701 2199606 3208905 3473359 3341513 3407307 3407306 3341770 3473361 2672023 1729280 46336 6727269 14077654 16448506 16777215 16645629 16777215 14737632 13948372 16777215 16777215 16645629 16777215 16777215 16777215 16777215 
16777215 16777215 16777215 16777215 16777215 16777215 16777215 16777215 16777215 16777215 16777215 16777215 16777215 16777215 16777215 16777215 16777215 16711422 16579836 16777215 11842740 28928 2430976 1663242 3262770 3526964 3394099 3394355 3394355 3328562 3591990 3319602 3523381 3461428 3394355 3394611 3394357 3526701 2199607 3208648 3604437 3538899 3538899 3538899 3538898 3141828 1736510 3593259 4379205 2543398 27648 14342106 16777215 16711422 16711422 16777215 16777215 16777215 16711422 16777215 16777215 16777215 16777215 16777215 
16777215 16777215 16777215 16777215 16777215 16777215 16777215 16777215 16777215 16777215 16777215 16777215 16777215 16777215 16777215 16777215 16711422 16777215 16777215 16777215 12502718 23808 3510839 3262258 3461172 3328562 3394355 3394099 4051261 4444739 3593270 47360 25088 3458356 3395123 3394355 3394356 3527216 2000943 2210201 2541726 2474908 2475421 2342037 2941877 2143381 2263808 3594044 3328562 3656759 4839497 14848 12433597 16777215 16645629 16711422 16711422 16711422 16777215 16777215 16777215 16777215 16777215 16777215 
16777215 16777215 16777215 16777215 16777215 16777215 16777215 16777215 16777215 16777215 16777215 16777215 16777215 16777215 16777215 16711422 16777215 11119273 12173753 15396330 5729623 1421845 3790393 3394611 3328818 3656759 3723832 3658807 47104 43520 29696 7969657 6838888 29952 3591734 3394611 3394354 3461178 2928896 1473114 2874545 2741930 2741417 2940849 2866331 2532165 3261223 2930223 3328306 3789369 42240 8092283 15987699 16777215 16711422 16777215 16777215 16777215 16777215 16777215 16777215 16777215 16777215 16777215 
16777215 16777215 16777215 16777215 16777215 16777215 16777215 16777215 16777215 16777215 16777215 16777215 16777215 16777215 16711422 16579836 16777215 8621187 34304 2456101 43520 3789625 3262769 3328562 3853370 2674728 40960 36352 11121577 11907765 13552334 16777215 10722467 41984 3986236 3394355 3394355 3460923 3260416 2206591 3604441 3604431 4259802 3994820 13086 1335808 1467937 2332194 3262258 4052541 36096 15130342 16777215 16645629 16777215 16777215 16777215 16777215 16777215 16777215 16777215 16777215 16777215 16777215 
16777215 16777215 16777215 16777215 16777215 16777215 16777215 16777215 16777215 16777215 16777215 16777215 16777215 16711422 16777215 16777215 16777215 10003608 15872 3582774 3921467 3262769 3459892 4116542 774155 2793514 14275545 15591149 16777215 16777215 16777215 16185590 2424869 1420821 3723832 3328562 3394355 3461179 3128320 2466682 4128723 3407827 56234 0 7294567 2524719 3130926 3527221 3590966 2674216 5283920 15592173 16777215 16645629 16777215 16777215 16777215 16777215 16777215 16777215 16777215 16777215 16777215 16777215 
16777215 16777215 16777215 16777215 16777215 16777215 16777215 16777215 16777215 16777215 16777215 16777215 16645629 16777215 15527148 11053480 11975606 6311008 22528 3787577 3459892 3919163 3920443 45824 3901499 14605534 16777215 16777215 16711422 16579836 16777215 16185334 4929355 568584 3789369 3328562 3394355 3395386 3456256 41333 63171 46221 11516597 13551306 10924712 1227791 3658295 3328050 4380994 44800 11642801 16777215 16777215 16777215 16711422 16645885 16645629 16711422 16777215 16777215 16777215 16777215 16777215 16777215 
16777215 16777215 16777215 16777215 16777215 16777215 16777215 16777215 16777215 16777215 16777215 16777215 16777215 16777215 14473692 17920 12800 22528 3590966 3591478 3592502 313860 23552 11514031 16446970 16777215 16645885 16711166 16777215 16711422 16777215 16711678 4921419 43264 3789625 3328562 3394355 3657272 2213913 4681811 10597037 15524839 16777215 16777215 7508849 51456 4049981 3394611 2928172 2001950 3176752 8889223 14604510 16776959 16777215 16777215 16777215 16777215 16711422 16777215 16777215 16777215 16777215 16777215 
16777215 16777215 16777215 16777215 16777215 16777215 16777215 16777215 16777215 16777215 16711422 16514043 16118773 16710910 14144727 7936 3635767 3525173 3920443 3199536 41216 8428672 14275801 16777215 16777215 16645629 16777215 16777215 16777215 16711422 16777215 12630464 24832 3393587 3525941 3394355 3394355 4182847 37632 10789027 16777215 16777215 16777215 14473436 2715689 3198256 3657783 2663976 2266402 3392563 2806826 50432 37120 11714482 16447226 11319723 9608340 13486541 16777215 16711422 16777215 16777215 16777215 16777215 
16777215 16777215 16777215 16777215 16777215 16777215 16777215 16777215 16777215 16579836 16777215 13158344 20480 5799768 4148799 2469413 3329074 4445251 2211873 37120 13947604 16776447 16777215 16711678 16711422 16777215 16777215 16777215 16645629 16777215 15065573 17152 3066158 3657783 3328818 3394611 3525173 2740521 4361282 15722991 16777215 16645629 16777215 9800341 42752 4248384 3328562 3261233 3526965 3395123 3525173 3984700 3725368 43520 4878154 37120 39680 10599322 16777215 16645629 16777215 16777215 16777215 16777215 
16777215 16777215 16777215 16777215 16777215 16777215 16777215 16711422 16645629 16777215 13749969 11184042 34048 1798683 1288979 3920955 4379458 46848 12544 14077654 16777215 16777215 16645629 16777215 16777215 16777215 16777215 16777215 16777215 16776703 9545361 50432 4051005 3328562 3394611 3328818 3919931 3593526 1735962 16052468 16777215 16777215 11183786 29696 4772168 3853626 3789369 3790393 3854394 3918907 3984700 3393843 3592758 2926379 1287449 4235578 25665 11458498 16777215 16645885 16777215 16777215 16777215 16777215 
16777215 16777215 16777215 16777215 16777215 16711422 16579836 16777215 16777215 15921650 5142862 15872 2638376 2058271 4510276 2084639 46848 9280653 14341850 16777215 16645629 16711422 16777215 16777215 16777215 16777215 16777215 16777215 16777215 16710398 5868377 380421 3787577 3394611 3263025 3919931 2538022 26624 9342094 16580092 16777215 16777215 7572339 49408 52224 50944 40192 36096 43264 51968 50944 3592247 4379457 3522874 237331 2662912 8765900 11920101 16777215 16645886 16777215 16777215 16777215 16777215 
16777215 16777215 16777215 16777215 16711422 16777215 16777215 16514043 12434621 11118505 23808 3241265 3516213 3788601 46848 4494660 11120553 16777215 16777215 16645629 16777215 16777215 16777215 16777215 16777215 16777215 16776959 16579836 16777215 13223369 43776 3788857 3459636 3328562 3787833 52736 2195233 9930135 16711678 16777215 16645629 16777215 10988455 6851432 7968633 8034426 14342106 15590893 13093319 6852200 8230781 42240 48128 2277632 6460512 19778 13880779 16447222 16711679 16777215 16777215 16777215 16777215 16777215 
16777215 16777215 16777215 16711422 16777215 15855857 12763586 13750225 0 196611 3577910 2281250 51712 1617176 11447726 15657710 16777215 16777215 16645629 16777215 16777215 16777215 16777215 16777215 16777215 16777215 16777215 16777215 16249335 7445873 50688 3984956 3461428 3855162 2282018 6269535 15723759 16777215 16777215 16711422 16777215 16777215 16777215 16776959 16776959 16776959 16777215 16777215 16777215 16776703 16777215 13683408 12439224 29796 13626864 13823727 15329769 16777215 16711422 16777215 16777215 16777215 16777215 16777215 
16777215 16777215 16777215 16711422 16777215 13553870 22528 6254687 2065695 2868011 47872 5874265 8491393 13224905 16777215 16777215 16645885 16711422 16777215 16777215 16777215 16777215 16777215 16777215 16777215 16777215 16777215 12103864 4292929 1493526 3919675 3263025 2928940 3190832 32768 12628416 15328745 15197927 16777215 16777215 16777215 16645885 16645885 16711678 16777215 16777215 16711422 16645629 16711422 16777215 16711678 16777215 16777215 12437192 16383999 16777215 16777215 16645629 16777215 16777215 16777215 16777215 16777215 16777215 
16777215 16777215 16711422 16777215 13289674 0 19456 39168 3918907 3971132 5529428 15394026 16777215 16777215 16711422 16711422 16777215 16777215 16777215 16777215 16777215 16777215 16777215 16777215 16711422 16777215 12104632 21248 1886748 3919419 3329330 3195440 1600536 2465573 2726953 2205217 21504 8029306 16776959 16380921 16513019 16777215 16777215 16777215 16711422 16777215 16777215 16777215 16777215 16777215 16777215 16645629 16645885 16777215 16776958 16645886 16711422 16777215 16777215 16777215 16777215 16777215 16777215 16777215 
16777215 16711422 16777215 16053492 9803413 9671059 10196891 9478288 14541789 16315128 16250615 16777215 16645885 16711422 16777215 16777215 16777215 16777215 16777215 16777215 16777215 16777215 16777215 16777215 16711678 16777215 7703157 50688 5232207 4116286 4313665 3656503 3262513 3593270 3461684 3659319 3325234 3636534 6061919 5477205 7181420 14082260 14150359 15592429 16777215 16711422 16777215 16777215 16777215 16777215 16777215 16777215 16777215 16711422 16711679 16777215 16777215 16777215 16777215 16777215 16777215 16777215 16777215 16777215 
16777215 16777215 16777215 16777215 16777215 16777215 16777215 16777215 16777215 16777215 16777215 16711422 16777215 16777215 16777215 16777215 16777215 16777215 16777215 16777215 16777215 16777215 16777215 16777215 16711422 16777215 10329501 39424 47872 46848 46080 1952285 4183871 3787833 3919163 3720760 3185711 3125043 36096 2215936 1359657 37668 50944 11323564 16777215 16645885 16777215 16777215 16777215 16777215 16777215 16777215 16777215 16777215 16777215 16777215 16777215 16777215 16777215 16777215 16777215 16777215 16777215 16777215 
16777215 16777215 16777215 16777215 16711422 16645629 16645629 16645885 16711422 16711422 16711422 16777215 16777215 16777215 16777215 16777215 16777215 16777215 16777215 16777215 16777215 16777215 16777215 16777215 16777215 16711422 16777215 14210776 10462623 11120297 11447982 6332512 37120 48640 53248 39168 45824 52480 40323 38144 32605 3921347 34816 0 15329769 16777215 16711422 16777215 16777215 16777215 16777215 16777215 16777215 16777215 16777215 16777215 16777215 16777215 16777215 16777215 16777215 16777215 16777215 16777215 
16777215 16777215 16777215 16777215 16777215 16777215 16777215 16777215 16777215 16777215 16777215 16777215 16777215 16777215 16777215 16777215 16777215 16777215 16777215 16777215 16777215 16777215 16777215 16777215 16777215 16777215 16777215 16777215 16777215 16777215 16777215 15723503 14932963 10268060 5343057 14210520 12174266 4088624 12900315 15263980 14737892 15004404 14801375 14737376 16382713 16777215 16711422 16777215 16777215 16777215 16777215 16777215 16777215 16777215 16777215 16777215 16777215 16777215 16777215 16777215 16777215 16777215 16777215 16777215 
16777215 16777215 16777215 16777215 16777215 16777215 16777215 16777215 16777215 16777215 16777215 16777215 16777215 16777215 16777215 16777215 16777215 16777215 16777215 16777215 16777215 16777215 16777215 16777215 16777215 16777215 16776959 16711422 16645629 16645629 16645629 16777215 16777215 16776959 16710398 16777215 16777215 16710911 16777214 16777215 16777215 16777215 16777215 16777215 16777215 16711422 16777215 16777215 16777215 16777215 16777215 16777215 16777215 16777215 16777215 16777215 16777215 16777215 16777215 16777215 16777215 16777215 16777215 16777215 
16777215 16777215 16777215 16777215 16777215 16777215 16777215 16777215 16777215 16777215 16777215 16777215 16777215 16777215 16777215 16777215 16777215 16777215 16777215 16777215 16777215 16777215 16777215 16777215 16777215 16777215 16777215 16777215 16777215 16777215 16777215 16711422 16645629 16777215 16777215 16645629 16711678 16777215 16711679 16645629 16645629 16645886 16645629 16645629 16711422 16777215 16777215 16777215 16777215 16777215 16777215 16777215 16777215 16777215 16777215 16777215 16777215 16777215 16777215 16777215 16777215 16777215 16777215 16777215 
16777215 16777215 16777215 16777215 16777215 16777215 16777215 16777215 16777215 16777215 16777215 16777215 16777215 16777215 16777215 16777215 16777215 16777215 16777215 16777215 16777215 16777215 16777215 16777215 16777215 16777215 16777215 16777215 16777215 16777215 16777215 16777215 16777215 16777215 16711422 16777215 16777215 16711422 16777215 16777215 16777215 16777215 16777215 16777215 16777215 16777215 16777215 16777215 16777215 16777215 16777215 16777215 16777215 16777215 16777215 16777215 16777215 16777215 16777215 16777215 16777215 16777215 16777215 16777215 
16777215 16777215 16777215 16777215 16777215 16777215 16777215 16777215 16777215 16777215 16777215 16777215 16777215 16777215 16777215 16777215 16777215 16777215 16777215 16777215 16777215 16777215 16777215 16777215 16777215 16777215 16777215 16777215 16777215 16777215 16777215 16777215 16777215 16777215 16777215 16777215 16777215 16777215 16777215 16777215 16777215 16777215 16777215 16777215 16777215 16777215 16777215 16777215 16777215 16777215 16777215 16777215 16777215 16777215 16777215 16777215 16777215 16777215 16777215 16777215 16777215 16777215 16777215 16777215 
16777215 16777215 16777215 16777215 16777215 16777215 16777215 16777215 16777215 16777215 16777215 16777215 16777215 16777215 16777215 16777215 16777215 16777215 16777215 16777215 16777215 16777215 16777215 16777215 16777215 16777215 16777215 16777215 16777215 16777215 16777215 16777215 16777215 16777215 16777215 16777215 16777215 16777215 16777215 16777215 16777215 16777215 16777215 16777215 16777215 16777215 16777215 16777215 16777215 16777215 16777215 16777215 16777215 16777215 16777215 16777215 16777215 16777215 16777215 16777215 16777215 16777215 16777215 16777215 
