Width: 64
Height: 64
Panels: 1 
16777215 16777215 16777215 16777215 16777215 16777215 16777215 16777215 16777215 16777215 16777215 16777215 16777215 16777215 16777215 16777215 16777215 16777215 16777215 16777215 16777215 16777215 16777215 16777215 16777215 16777215 16777215 16777215 16777215 16777215 16777215 16777215 16777215 16777215 16777215 16777215 16777215 16777215 16777215 16777215 16777215 16777215 16777215 16777215 16777215 16777215 16777215 16777215 16777215 16777215 16777215 16777215 16777215 16777215 16777215 16777215 16777215 16777215 16777215 16777215 16777215 16777215 16777215 16777215 
16777215 16777215 16777215 16777215 16777215 16777215 16777215 16777215 16777215 16777215 16777215 16777215 16777215 16777215 16777215 16777215 16777215 16777215 16777215 16777215 16777215 16777215 16777215 16777215 16777215 16777215 16777215 16777215 16777215 16777215 16777215 16777215 16777215 16777215 16777215 16777215 16777215 16777215 16777215 16777215 16777215 16777215 16777215 16777215 16711422 16777215 16777215 16777215 16777215 16777215 16777215 16777215 16777215 16777215 16777215 16777215 16777215 16777215 16777215 16777215 16777215 16777215 16777215 16777215 
16777215 16777215 16777215 16777215 16777215 16777215 16777215 16777215 16777215 16777215 16777215 16777215 16777215 16777215 16777215 16777215 16777215 16777215 16777215 16777215 16777215 16777215 16777215 16777215 16777215 16777215 16777215 16777215 16777215 16777215 16777215 16777215 16777215 16777215 16777215 16777215 16777215 16777215 16777215 16777215 16777215 16711422 16645629 16711422 16777215 16711422 16777215 16777215 16777215 16777215 16777215 16777215 16777215 16777215 16777215 16777215 16777215 16777215 16777215 16777215 16777215 16777215 16777215 16777215 
16777215 16777215 16777215 16777215 16777215 16777215 16777215 16777215 16777215 16777215 16777215 16777215 16777215 16777215 16777215 16777215 16777215 16777215 16777215 16777215 16777215 16777215 16777215 16777215 16777215 16777215 16777215 16777215 16777215 16777215 16777215 16777215 16777215 16777215 16777215 16777215 16777215 16777215 16777215 16777215 16711422 16777215 16777215 16777215 16250871 16777215 16711422 16777215 16777215 16777215 16777215 16777215 16777215 16777215 16777215 16777215 16777215 16777215 16777215 16777215 16777215 16777215 16777215 16777215 
16777215 16777215 16777215 16777215 16777215 16777215 16777215 16777215 16777215 16777215 16777215 16777215 16777215 16777215 16777215 16777215 16777215 16777215 16777215 16777215 16777215 16777215 16777215 16777215 16777215 16777215 16777215 16777215 16777215 16777215 16777215 16777215 16777215 16777215 16777215 16777215 16777215 16777215 16777215 16579836 16777215 14935011 13026758 14869218 5459283 15000548 16777215 16711422 16777215 16777215 16777215 16777215 16777215 16777215 16777215 16777215 16777215 16777215 16777215 16777215 16777215 16777215 16777215 16777215 
16777215 16777215 16777215 16777215 16777215 16777215 16777215 16777215 16777215 16777215 16777215 16777215 16777215 16777215 16777215 16777215 16777215 16777215 16777215 16777215 16777215 16777215 16777215 16777215 16777215 16777215 16777215 16777215 16777215 16777215 16777215 16777215 16777215 16777215 16777215 16777215 16777215 16711422 16777215 16777215 16775935 5607765 42496 5148494 50944 5609557 16446970 16777215 16711422 16777215 16777215 16777215 16777215 16777215 16777215 16777215 16777215 16711422 16645629 16645629 16777215 16711422 16777215 16777215 
16777215 16777215 16777215 16777215 16777215 16777215 16777215 16777215 16777215 16777215 16777215 16777215 16777215 16777215 16777215 16777215 16777215 16777215 16777215 16777215 16777215 16777215 16777215 16777215 16777215 16777215 16777215 16777215 16777215 16777215 16777215 16777215 16777215 16777215 16777215 16777215 16711422 16777215 16645117 11777203 10264732 3521333 49920 44544 3253553 9216 12434109 16777215 16711422 16777215 16777215 16777215 16777215 16777215 16777215 16777215 16711422 16777215 16777215 16777215 16711422 16777215 16777215 16711422 
16777215 16777215 16777215 16777215 16777215 16777215 16777215 16777215 16777215 16777215 16777215 16777215 16777215 16777215 16777215 16777215 16777215 16777215 16777215 16777215 16777215 16777215 16777215 16777215 16777215 16777215 16777215 16777215 16777215 16777215 16777215 16777215 16777215 16777215 16777215 16711422 16777215 16776703 9874326 45568 29184 2079007 8429952 6058076 4730952 3414068 8158588 16777215 16711422 16777215 16777215 16777215 16777215 16777215 16777215 16711422 16777215 16119029 13880531 14078166 16777215 15789808 16710910 16777215 
16777215 16777215 16777215 16777215 16777215 16777215 16777215 16777215 16777215 16777215 16777215 16777215 16777215 16777215 16777215 16777215 16777215 16777215 16777215 16777215 16777215 16777215 16777215 16777215 16777215 16777215 16777215 16777215 16777215 16777215 16777215 16777215 16777215 16777215 16777215 16711678 16777215 10069145 47104 4641862 4310337 36096 14142935 14408155 8882311 13093063 10198171 16777215 16645629 16645629 16711422 16711422 16711422 16711422 16645629 16777215 16776191 8232061 41472 40960 9409935 6922089 7903352 15000036 
16777215 16777215 16777215 16777215 16777215 16777215 16777215 16777215 16777215 16777215 16777215 16777215 16777215 16777215 16777215 16777215 16777215 16777215 16777215 16777215 16777215 16777215 16777215 16777215 16777215 16777215 16777215 16777215 16777215 16777215 16777215 16777215 16777215 16777215 16777215 16777215 16776447 6598756 707850 3852602 3724856 40448 12893636 9737876 0 11382445 11907765 16777215 16777215 16777215 16777215 16777215 16777215 16777215 16777215 16777215 14145239 41472 3982908 4314177 20224 1220114 36352 13552078 
16777215 16777215 16777215 16777215 16777215 16777215 16777215 16777215 16777215 16777215 16777215 16777215 16777215 16777215 16777215 16777215 16777215 16777215 16777215 16777215 16777215 16777215 16777215 16777215 16777215 16777215 16777215 16777215 16777215 16777215 16777215 16777215 16777215 16777215 16777215 16711422 16710910 7647092 51712 3918907 3461684 1745178 12367548 7435889 5326929 10328733 6913129 14737632 16249335 15262696 16448506 16118005 15460587 15724271 15394282 10067865 2445861 1879324 2448933 2663464 2917932 3835706 41984 13881299 
16777215 16777215 16777215 16777215 16777215 16777215 16777215 16777215 16777215 16777215 16777215 16777215 16777215 16777215 16777215 16777215 16777215 16777215 16777215 16777215 16777215 16777215 16777215 16777215 16777215 16777215 16777215 16777215 16777215 16777215 16777215 16777215 16777215 16777215 16645629 16777215 16776959 7177581 51200 3786553 3854906 38656 10983591 14078422 9675411 1472534 36352 9473168 5810520 30720 8945544 7383920 22272 464391 2007838 36352 294916 2990637 1917725 2530342 3062062 2577447 23808 13749969 
16777215 16777215 16777215 16777215 16777215 16777215 16777215 16777215 16777215 16777215 16777215 16777215 16777215 16777215 16777215 16777215 16777215 16777215 16777215 16777215 16777215 16777215 16777215 16777215 16777215 16777215 16777215 16777215 16777215 16777215 16777215 16777215 16777215 16645629 16777215 16052724 11844276 27648 2262818 2196513 3195440 3330610 2586151 4431427 40192 2988845 2457125 38656 2146848 3056686 44800 1625112 2528806 3256881 3857722 3518005 3324466 2863915 1798171 3327538 3591222 500743 11184810 16579836 
16777215 16777215 16777215 16777215 16777215 16777215 16777215 16777215 16777215 16777215 16777215 16777215 16777215 16777215 16777215 16777215 16777215 16777215 16777215 16777215 16777215 16777215 16777215 16777215 16777215 16777215 16777215 16777215 16777215 16777215 16777215 16777215 16645629 16777215 14934243 2243618 45056 3396147 3592246 2864171 2525990 37120 50688 2079263 3312946 35840 2210849 4117310 524296 2926892 4119870 3190576 2595367 52992 1229586 3722552 3525429 3394611 3329330 3788601 4578629 33536 12630464 16777215 
16777215 16777215 16777215 16777215 16777215 16777215 16777215 16777215 16777215 16777215 16777215 16777215 16777215 16777215 16777215 16777215 16777215 16777215 16777215 16777215 16777215 16777215 16777215 16777215 16777215 16777215 16777215 16777215 16777215 16777215 16777215 16711422 16777215 14671327 2767402 46336 4380226 3394099 1469462 2593319 898573 6794087 9492112 2792234 38656 8494721 12438461 50176 3590966 2870827 3461428 3461172 2669096 9148043 6995562 774923 2477861 3461428 3855418 48128 43520 6066524 11709618 16777215 
16777215 16777215 16777215 16777215 16777215 16777215 16777215 16777215 16777215 16777215 16777215 16777215 16777215 16777215 16777215 16777215 16777215 16777215 16777215 16777215 16777215 16777215 16777215 16777215 16777215 16777215 16777215 16777215 16777215 16777215 16777215 16645885 16777215 8818566 45312 4576581 3262769 2464293 2597159 3657015 1560599 7184237 9734292 2467109 40448 8570754 8950408 24320 2262562 3639351 2327587 2068511 221955 9801621 6919529 2985517 5345361 2524454 32768 10268060 11379373 14737376 16777215 16645629 
16777215 16777215 16777215 16777215 16777215 16777215 16777215 16777215 16777215 16777215 16777215 16777215 16777215 16777215 16777215 16777215 16777215 16777215 16777215 16777215 16777215 16777215 16777215 16777215 16777215 16777215 16777215 16777215 16777215 16777215 16777215 16645885 16777215 8752517 44544 4970059 3262513 3327282 3527477 3328562 3789369 44800 30720 3593269 3855418 51968 49152 3588150 19456 11901109 5080909 2015518 3523637 48640 48384 7453041 13612751 5081421 41984 12762562 13487821 14408667 16777215 16711422 
16777215 16777215 16777215 16777215 16777215 16777215 16777215 16777215 16777215 16777215 16777215 16777215 16777215 16777215 16777215 16777215 16777215 16777215 16777215 16777215 16777215 16777215 16777215 16777215 16777215 16777215 16777215 16777215 16777215 16777215 16777215 16711422 16777215 15723759 10527904 41728 4446531 3855162 3918651 3460148 3328818 3723064 4052288 3394616 3263286 3854395 4249152 3856442 3461428 7317359 4310337 3726904 3058734 4114238 4577861 1032975 6723686 5424466 48384 12039863 16777215 16777215 16711422 16777215 
16777215 16777215 16777215 16777215 16777215 16777215 16777215 16777215 16777215 16777215 16777215 16777215 16777215 16777215 16777215 16777215 16777215 16777215 16777215 16777215 16777215 16777215 16777215 16777215 16777215 16777215 16777215 16777215 16777215 16777215 16777215 16777215 16645629 16777215 15328745 9806229 37632 41472 51968 3198256 3459892 3328820 3327503 3327750 3459854 2863647 37120 37632 38656 37120 38400 39424 22784 30464 47104 4314689 2346787 53504 33792 11841972 16777215 16579836 16777215 16777215 
16777215 16777215 16777215 16777215 16777215 16777215 16777215 16777215 16777215 16777215 16777215 16777215 16777215 16777215 16777215 16777215 16777215 16777215 16777215 16777215 16777215 16777215 16777215 16777215 16777215 16777215 16777215 16777215 16777215 16777215 16777215 16777215 16777215 16579836 16777215 16777215 15327721 13750481 7115116 3173680 2866987 3127593 2004577 2133334 2145924 2993542 14272724 15262953 14999268 15130854 15065061 14999268 15395050 13814994 6844776 32000 44800 7115116 13619151 16184822 16777215 16711422 16777215 16777215 
16777215 16777215 16777215 16777215 16777215 16777215 16777215 16777215 16777215 16777215 16777215 16777215 16777215 16777215 16777215 16777215 16777215 16777215 16777215 16777215 16777215 16777215 16777215 16777215 16777215 16777215 16777215 16777215 16777215 16777215 16777215 16777215 16777215 16777215 16711422 16711422 16777215 16777215 16642301 5931866 1166876 3654933 2738835 3538899 2883535 3256977 16248306 16777215 16777215 16777215 16777215 16777215 16777215 16777215 16776959 12894148 12894916 16776447 16777215 16777215 16711422 16777215 16777215 16777215 
16777215 16777215 16777215 16777215 16777215 16777215 16777215 16777215 16777215 16777215 16777215 16777215 16777215 16777215 16777215 16777215 16777215 16777215 16777215 16777215 16777215 16777215 16777215 16777215 16777215 16777215 16777215 16777215 16777215 16777215 16777215 16777215 16777215 16777215 16711422 16579836 16777215 13949396 5931610 3710007 3065650 2861594 1801260 3008700 2475933 2318664 5006655 12894661 16777215 16579836 16645629 16645629 16645629 16711166 16777215 16777215 16777215 16777215 16645885 16711422 16777215 16777215 16777215 16777215 
16777215 16777215 16777215 16777215 16777215 16777215 16777215 16777215 16777215 16777215 16777215 16777215 16777215 16777215 16777215 16777215 16777215 16777215 16777215 16777215 16777215 16777215 16777215 16777215 16777215 16777215 16777215 16777215 16777215 16777215 16777215 16777215 16777215 16645629 16777215 16777215 13945044 25856 52992 3460660 3460150 3460908 1735738 2809268 3538899 3203509 36608 2058255 16315384 16777215 16579836 16777215 16777215 16777215 16777215 16645629 16645629 16777215 16777215 16777215 16777215 16777215 16777215 16777215 
16777215 16777215 16777215 16777215 16777215 16777215 16777215 16777215 16777215 16777215 16777215 16777215 16777215 16777215 16777215 16777215 16777215 16777215 16777215 16777215 16777215 16777215 16777215 16777215 16777215 16777215 16777215 16777215 16777215 16777215 16777215 16711422 16711422 16777215 16249591 12961221 1144593 1882652 4247616 3394354 3394872 3394067 2070364 3342287 3538896 3407826 3316315 1623808 9414544 16776447 16777215 16711422 16777215 16777215 16777215 16777215 16777215 16777215 16777215 16777215 16777215 16777215 16777215 16777215 
16777215 16777215 16777215 16777215 16777215 16777215 16777215 16777215 16777215 16777215 16777215 16777215 16777215 16777215 16777215 16777215 16777215 16777215 16777215 16777215 16777215 16777215 16777215 16777215 16777215 16777215 16777215 16777215 16777215 16777215 16711422 16777215 16777215 12304059 6395745 43008 3658551 3723064 3263281 3394611 3394872 3394066 2070364 3407824 3141566 3075517 2075013 3322624 51200 7376240 13288650 16777215 16645885 16776959 16777215 16777215 16777215 16777215 16777215 16777215 16777215 16777215 16777215 16777215 
16777215 16777215 16777215 16777215 16777215 16777215 16777215 16777215 16777215 16777215 16777215 16777215 16777215 16777215 16777215 16777215 16777215 16777215 16777215 16777215 16777215 16777215 16777215 16777215 16777215 16777215 16777215 16777215 16777215 16645629 16777215 16777215 11642033 38400 1101328 4379458 3459636 3328818 3394611 3328562 3394357 3460651 1735222 2875575 2541726 2141062 2143125 2268239 4313908 49920 15616 15591405 16777215 16580092 16711422 16777215 16777215 16777215 16777215 16777215 16777215 16777215 16777215 16777215 
16777215 16777215 16777215 16777215 16777215 16777215 16777215 16777215 16777215 16777215 16777215 16777215 16777215 16777215 16777215 16777215 16777215 16777215 16777215 16777215 16777215 16777215 16777215 16777215 16777215 16777215 16777215 16777215 16579580 16777215 15657966 7439217 43520 3655991 3985212 3263025 3394611 3394355 3394611 3527477 3460663 3460135 1802818 3008444 3538898 3473359 3604438 2076047 1799936 4182852 3000110 7970425 9013641 16447994 16777215 16579836 16777215 16777215 16777215 16777215 16777215 16777215 16777215 16777215 
16777215 16777215 16777215 16777215 16777215 16777215 16777215 16777215 16777215 16777215 16777215 16777215 16777215 16777215 16777215 16777215 16777215 16777215 16777215 16777215 16777215 16777215 16777215 16777215 16777215 16777215 16777215 16645629 16777215 15000036 10068377 45056 4183615 3525941 3328818 3460148 3918907 4051517 3328818 2331939 3062835 3460630 2003542 3342030 3538896 3473361 3538899 3407820 40 2796556 3789885 51456 42240 11119273 15657710 16777215 16645629 16777215 16777215 16777215 16777215 16777215 16777215 16777215 
16777215 16777215 16777215 16777215 16777215 16777215 16777215 16777215 16777215 16777215 16777215 16777215 16777215 16777215 16777215 16777215 16777215 16777215 16777215 16777215 16777215 16777215 16777215 16777215 16777215 16777215 16645629 16777215 14670047 11776 45568 4576581 3328306 3263025 3722296 3657271 53248 39424 2125088 2797098 3394614 2729216 2742446 3604439 2941621 2807981 2874287 2874286 3141570 3133043 3394048 3919168 4444739 46336 5544788 15591661 16777215 16645629 16777215 16777215 16777215 16777215 16777215 16777215 
16777215 16777215 16777215 16777215 16777215 16777215 16777215 16777215 16777215 16777215 16777215 16777215 16777215 16777215 16777215 16777215 16777215 16777215 16777215 16777215 16777215 16777215 16777215 16777215 16777215 16645629 16777215 15000292 33792 900109 4510788 3197488 3394355 4313665 2608935 46848 10471327 11911605 45824 3724344 3593531 2397440 1610622 2341523 2342038 2408601 2342038 2607777 3141054 875852 2663963 3461175 3263025 4641606 51968 5151310 15592173 16777215 16711422 16777215 16777215 16777215 16777215 16777215 
16777215 16777215 16777215 16777215 16777215 16777215 16777215 16777215 16777215 16777215 16777215 16777215 16777215 16777215 16777215 16777215 16777215 16777215 16777215 16777215 16777215 16777215 16777215 16777215 16711422 16777215 16777215 10397342 48384 4576581 3197232 3525173 4051517 45056 4889162 14804705 16776447 10007704 52224 3919423 3195166 1137710 2742189 3074747 3473358 3538900 3538899 3538899 3341256 2675887 2065928 3593781 3328307 3263024 4378434 51712 6786151 16513019 16777215 16711422 16777215 16777215 16777215 16777215 
16777215 16777215 16777215 16777215 16777215 16777215 16777215 16777215 16777215 16777215 16777215 16777215 16777215 16777215 16777215 16777215 16777215 16777215 16777215 16777215 16777215 16777215 16777215 16711422 16777215 16777215 11316396 45824 4247872 3262769 3591734 3462452 44032 11908533 15525868 16777215 14275545 24320 3461174 3591216 3195708 3008183 3538900 3473359 3407307 3341514 3407306 3341513 3473358 3473359 2273666 3520527 3986496 3394099 3656503 1821723 6209374 16711678 16777215 16711422 16777215 16777215 16777215 16777215 
16777215 16777215 16777215 16777215 16777215 16777215 16777215 16777215 16777215 16777215 16777215 16777215 16777215 16777215 16777215 16777215 16777215 16777215 16777215 16777215 16777215 16777215 16711422 16777215 16777215 11646897 33280 3854394 3459892 3460660 3589430 37888 12501950 16777215 16777215 16777215 9281421 47104 4182081 3395105 2267725 3274954 3473359 3473360 3473361 3473358 3407822 3473359 3407307 3604439 2804903 0 48128 3329842 3656503 2673704 4705351 15066085 16777215 16777215 16711422 16777215 16777215 16777215 
16777215 16777215 16777215 16777215 16777215 16777215 16777215 16777215 16777215 16777215 16777215 16777215 16777215 16777215 16777215 16777215 16777215 16777215 16777215 16777215 16777215 16711422 16777215 16777215 11384493 46336 4183615 3525429 3328306 4117566 41216 12694721 16777215 16580348 16579324 10199451 47616 4313921 3263541 3394082 1935945 3342287 3207616 2941877 3008184 3208387 2341524 1874554 2674340 3537865 43393 13550281 11713459 39424 3723064 3853626 836364 4898890 10993575 16578300 16777215 16711422 16777215 16777215 
16777215 16777215 16777215 16777215 16777215 16777215 16777215 16777215 16777215 16777215 16777215 16777215 16777215 16777215 16777215 16777215 16777215 16777215 16777215 16777215 16777215 16711678 16777215 11713970 44032 3718200 3591734 3328562 3460660 4052541 41472 11510959 16777215 16777215 12960198 29184 4379714 3328050 3527223 2729758 46 2474908 2474649 2342037 2075527 2941364 3341513 3208130 3407050 3068841 26696 15591657 16777215 7188589 51456 3787321 3854394 2474021 44288 9482640 16513275 16777215 16711422 16777215 
16777215 16777215 16777215 16777215 16777215 16777215 16777215 16777215 16777215 16777215 16777215 16777215 16777215 16777215 16777215 16777215 16777215 16777215 16777215 16777215 16645885 16777215 12435133 43520 3114031 2062111 2598695 3527221 2730281 2597158 4118335 42240 10723739 16777215 13025990 44544 4248128 3395379 2664232 1668131 1067008 1472852 2942909 3208387 3538900 3473360 3407820 3473358 3473099 3866582 55465 15132133 16513274 6132574 773899 3854650 3329586 3389235 3376691 31488 15196903 16777215 16645629 16777215 
16777215 16777215 16777215 16777215 16777215 16777215 16777215 16777215 16777215 16777215 16777215 16777215 16777215 16777215 16777215 16777215 16777215 16777215 16777215 16777215 16645629 16777215 10267804 35072 3574070 2532389 2796586 3062318 603401 2929711 2465541 3777626 33912 15130851 13750482 42752 4248384 3394355 3328562 3328562 3526964 3195710 2065688 0 2275219 3407824 3473358 3341514 3407563 3669966 57005 15792373 12498877 45824 4306241 2662696 3528245 2794538 2388260 9472 15395306 16777215 16711422 16777215 
16777215 16777215 16777215 16777215 16777215 16777215 16777215 16777215 16777215 16777215 16777215 16777215 16777215 16777215 16777215 16777215 16777215 16777215 16777215 16777215 16645885 16777215 12765378 35328 3062576 3325240 3460915 2198817 2930476 2796331 2518300 3576391 2916201 6383452 5933915 2410020 3525941 3394355 3394611 3394867 3394355 3460657 3461429 3194924 2862367 1936726 2941622 3604438 3341513 4063192 49043 15654887 12832704 49152 42240 1206800 3790905 3317554 34816 10865317 16777215 16711678 16777215 16777215 
16777215 16777215 16777215 16777215 16777215 16777215 16777215 16777215 16777215 16777215 16777215 16777215 16777215 16777215 16777215 16777215 16777215 16777215 16777215 16777215 16711422 16777215 16710654 6913898 1745664 3115264 3923776 2266145 1866012 1335060 3114288 2655008 2463744 46592 0 3192112 3461428 3394355 3394611 3394611 3394355 3395124 3327794 3460918 3461432 3393792 2532161 1878156 3669708 2283692 25147 15853803 12843240 38710 10856351 4819020 2612007 3121455 5448531 15395562 16777215 16711422 16777215 16777215 
16777215 16777215 16777215 16777215 16777215 16777215 16777215 16777215 16777215 16777215 16777215 16777215 16777215 16777215 16777215 16777215 16777215 16777215 16777215 16777215 16777215 16777215 16645629 16579066 8555408 35147 1349632 2584361 3381300 1989406 1468181 2863148 3527737 3920698 2724649 2864171 3526965 3394355 3394611 3394355 3461172 3194928 2332196 3394354 3394355 3395130 3526960 2192384 1808250 48789 12827583 16777215 13752796 14868710 16776447 10138778 38400 10068377 16777215 16777215 16711422 16777215 16777215 16777215 
16777215 16777215 16777215 16777215 16777215 16777215 16777215 16777215 16777215 16777215 16777215 16777215 16777215 16777215 16777215 16777215 16777215 16777215 16777215 16777215 16777215 16777215 16711422 16777215 15857655 15269118 8697023 29206 2974499 2197795 3461428 3461172 3328050 3527733 2331683 1733914 3527733 3328562 3394099 3394867 3195696 2198817 3262257 3460660 3394355 3394354 3394869 4182854 0 7890801 16777215 16777215 16777215 16777215 16777215 14144983 0 15263464 16777215 16645629 16777215 16777215 16777215 16777215 
16777215 16777215 16777215 16777215 16777215 16777215 16777215 16777215 16777215 16777215 16777215 16777215 16777215 16777215 16777215 16777215 16777215 16777215 16777215 16777215 16777215 16711422 16777215 15724527 13552332 14472918 7570565 13312 2652454 2864171 3526965 3328562 3394355 3461172 2862891 525064 3062318 3593782 3460916 3593782 3128623 2065951 3527733 3328562 3394611 3263025 3920443 2076190 0 14145752 16777215 16645629 16711679 16645629 16777215 15066597 11382445 16777215 16777215 16777215 16777215 16777215 16777215 16777215 
16777215 16777215 16777215 16777215 16777215 16777215 16777215 16777215 16777215 16777215 16777215 16777215 16777215 16777215 16777215 16777215 16777215 16777215 16777215 16777215 16777215 16579836 16777215 13947604 4352 29952 0 2393635 3461940 3460916 3394355 3328818 3590966 4116030 3987260 3393587 2131232 1601560 3062318 2929708 3062318 3129135 3394867 3394611 3263025 4117054 46848 5986395 14474204 16382713 16777215 16711422 16777215 16777215 16711422 16777215 16777215 16711422 16777215 16777215 16777215 16777215 16777215 16777215 
16777215 16777215 16777215 16777215 16777215 16777215 16777215 16777215 16777215 16777215 16777215 16777215 16777215 16777215 16777215 16777215 16777215 16777215 16777215 16777215 16777215 16777215 16777215 14341594 32256 4227136 2262565 3461941 3394611 3394355 3328818 3919675 2936876 48640 36352 39424 1021199 2263586 2199841 2398500 1468182 3328050 3394867 3328818 3787833 1494038 5019468 15591917 16777215 16777215 16711422 16777215 16777215 16777215 16777215 16711422 16645629 16777215 16777215 16777215 16777215 16777215 16777215 16777215 
16777215 16777215 16777215 16777215 16777215 16777215 16777215 16777215 16777215 16777215 16777215 16777215 16777215 16777215 16777215 16777215 16777215 16777215 16777215 16711422 16777215 14080214 7242350 6780263 2560 2593831 3461172 3394611 3328818 3394099 4051261 49152 4433219 7899256 11841204 16248567 10990247 49408 4316993 2664488 1401621 3328306 3460916 3394611 4183615 35328 11379629 16777215 16514043 16711422 16777215 16777215 16777215 16777215 16777215 16777215 16777215 16777215 16777215 16777215 16777215 16777215 16777215 16777215 
16777215 16777215 16777215 16777215 16777215 16777215 16777215 16777215 16777215 16777215 16777215 16777215 16777215 16777215 16777215 16777215 16777215 16777215 16711422 16711678 16776703 6519139 37376 28928 865037 3329074 3395123 3459636 3853626 4052541 47616 2640936 14275545 16777215 16777215 16777215 12235450 45312 3647031 604169 3261489 3527477 3261745 3457844 2279714 5346641 16381433 16777215 16711422 16777215 16777215 16777215 16777215 16777215 16777215 16777215 16777215 16777215 16777215 16777215 16777215 16777215 16777215 16777215 
16777215 16777215 16777215 16777215 16777215 16777215 16777215 16777215 16777215 16777215 16777215 16777215 16777215 16777215 16777215 16777215 16777215 16777215 16777215 16777215 16777215 6717798 32000 3511861 3196464 3328562 3590966 3658295 837644 39168 11188138 16381433 16777215 16711678 16514299 16777215 12505790 40704 2708265 3261489 3394355 3062318 2530854 2720041 33280 10201755 15460331 16777215 16711422 16777215 16777215 16777215 16777215 16777215 16777215 16777215 16777215 16777215 16777215 16777215 16777215 16777215 16777215 16777215 
16777215 16777215 16777215 16777215 16777215 16777215 16777215 16777215 16777215 16777215 16777215 16777215 16777215 16777215 16777215 16777215 16777215 16777215 16513787 16185078 16579324 12304059 35328 3788857 3395379 3787577 3264817 41984 8166012 14078166 16776959 16777215 16645629 16711422 16777215 16380921 7582835 38656 3588918 3526965 3195696 2929708 3461172 3394867 4314177 43776 8359039 16777215 16645885 16777215 16777215 16777215 16777215 16777215 16777215 16777215 16777215 16777215 16777215 16777215 16777215 16777215 16777215 16777215 
16777215 16777215 16777215 16777215 16777215 16777215 16777215 16777215 16777215 16777215 16777215 16777215 16777215 16777215 16777215 16711422 16579836 16777215 13686480 1607192 5660758 5796952 3264817 3328818 3852858 2937900 41472 13618383 16776447 16777215 16777215 16645629 16777215 16645885 16777215 13355979 39936 3119151 3128879 3527733 3527221 3527221 3394355 3394611 3394099 4118078 40960 14406363 16777215 16645629 16777215 16777215 16777215 16777215 16777215 16777215 16777215 16777215 16777215 16777215 16777215 16777215 16777215 16777215 
16777215 16777215 16777215 16777215 16777215 16777215 16777215 16777215 16777215 16777215 16777215 16777215 16777215 16777215 16711422 16777215 16777215 16184310 7642484 37120 11264 43520 3526197 4116798 2870059 27648 13816530 16777215 16777215 16645629 16777215 16777215 16711422 16777215 16644605 6919273 52736 3918651 2265378 1202194 2532134 3590454 3591222 3329074 3394355 3853882 51200 8365695 16118517 16777215 16711422 16777215 16777215 16777215 16777215 16777215 16777215 16777215 16777215 16777215 16777215 16777215 16777215 16777215 
16777215 16777215 16777215 16777215 16777215 16777215 16777215 16777215 16777215 16777215 16777215 16777215 16645629 16645629 16777215 14803169 16777215 16184566 12800 2453029 3190576 4052029 4314177 48128 34816 13683920 16777215 16645885 16711422 16777215 16777215 16777215 16645629 16777215 12959685 43264 4182591 3394867 3328050 2001694 2323747 625161 2544422 3590966 3394866 3196465 4110398 47872 10133914 16777215 16645629 16777215 16777215 16777215 16777215 16777215 16777215 16777215 16777215 16777215 16777215 16777215 16777215 16777215 
16777215 16777215 16777215 16777215 16777215 16777215 16777215 16645629 16711422 16711422 16645629 16711422 16777215 16777215 16711166 9152907 6981738 8288126 2656040 2932012 4445251 2673960 28672 10397342 15788784 16777215 16711422 16777215 16777215 16777215 16777215 16777215 16580092 16777215 13422796 44544 4313665 3328562 3328818 3921467 903181 2840363 5482834 1880612 3456823 3256873 3911225 35840 11845300 16777215 16645885 16777215 16777215 16777215 16777215 16777215 16777215 16777215 16777215 16777215 16777215 16777215 16777215 16777215 
16777215 16777215 16777215 16777215 16711422 16711422 16777215 16777215 16777215 16777215 16777215 16777215 12632256 15329513 15197415 26368 32000 33792 3855418 3921467 48896 6399073 13024710 16645373 16777215 16711422 16777215 16777215 16777215 16777215 16777215 16711422 16777215 16776191 9815189 52480 3853370 3394355 3657527 3068974 3057454 15328233 9346703 49152 3460127 2150204 31232 3407922 16448506 16777215 16711422 16777215 16777215 16777215 16777215 16777215 16777215 16777215 16777215 16777215 16777215 16777215 16777215 16777215 
16777215 16777215 16777215 16777215 16777215 16777215 16711422 14868962 16382457 16119285 15197927 16447994 3574582 5606229 12301755 16896 3380787 4510788 1361428 2007582 8755077 15329257 16777215 16711678 16645629 16777215 16777215 16777215 16777215 16777215 16777215 16645629 16777215 14538461 32000 3658551 3394099 3395123 3390771 176642 5271888 15261928 11054755 51814 4896859 7519665 7638673 13947088 16777215 16711422 16777215 16777215 16777215 16777215 16777215 16777215 16777215 16777215 16777215 16777215 16777215 16777215 16777215 16777215 
16777215 16777215 16777215 16645629 15790320 16448250 16711678 0 14343386 13487309 16640 8024186 360709 2392868 16896 3917115 4250432 1164305 23040 13024966 16777215 16777215 16580092 16777215 16777215 16777215 16777215 16777215 16777215 16777215 16776959 16711678 16777215 8616067 33280 4183359 3328050 3527477 1999902 0 1016079 10752 9212292 3437956 11317438 12760509 15197671 16777215 16711422 16777215 16777215 16777215 16777215 16777215 16777215 16777215 16777215 16777215 16777215 16777215 16777215 16777215 16777215 16777215 
16777215 16711422 16777215 15987699 10724259 12368828 9671827 24832 4408643 5733719 3651639 494599 3905851 3066158 1887004 51968 39680 9612434 16183798 16777215 16711678 16711422 16777215 16777215 16777215 16777215 16777215 16777215 16777215 16777215 16711678 16777215 12501182 176130 3590710 3459892 3395123 3394611 3262257 3195440 3461172 4046652 26112 9280646 14613213 9873554 14592 14538970 16777215 16645629 16777215 16777215 16777215 16777215 16777215 16777215 16777215 16777215 16777215 16777215 16777215 16777215 16777215 16777215 
16777215 16777215 16777215 16777215 16777215 16645629 9077898 4681799 5418834 40960 48640 48384 48640 4040509 4883786 12178361 14341850 16381689 16777215 16711166 16711422 16777215 16777215 16777215 16777215 16777215 16777215 16777215 16777215 16645885 16777215 12698561 44288 3986748 4116798 3853626 3720504 3853626 3919419 3920187 3786297 3054125 3976768 558592 44544 2139481 43520 9419168 16777215 16777215 16711679 16777215 16777215 16777215 16777215 16777215 16777215 16777215 16777215 16777215 16777215 16777215 16777215 16777215 
16777215 16777215 16777215 16777215 16645629 16777215 16777215 16514555 16187126 11449774 10922406 11185578 10462367 14473692 16710142 16776703 16777215 16777215 16645629 16777215 16777215 16777215 16777215 16777215 16777215 16777215 16777215 16777215 16777215 16645629 16777215 9408911 40704 2017566 44800 53760 43008 40704 52480 51200 50688 52225 48896 31354 103573 35720 18485 34689 14082016 16777215 16711422 16777215 16777215 16777215 16777215 16777215 16777215 16777215 16777215 16777215 16777215 16777215 16777215 16777215 
16777215 16777215 16777215 16777215 16777215 16711422 16777215 16777215 16777215 16777215 16777215 16777215 16777215 16777215 16777215 16711678 16645629 16711422 16777215 16777215 16777215 16777215 16777215 16777215 16777215 16777215 16777215 16777215 16777215 16711422 16777215 15986931 12633280 6194014 7371376 7050603 7970425 12566719 7388272 7724149 7515250 6655079 8886912 15071223 15138815 14735834 14868705 14604762 15197926 16777215 16711422 16777215 16777215 16777215 16777215 16777215 16777215 16777215 16777215 16777215 16777215 16777215 16777215 16777215 
16777215 16777215 16777215 16777215 16777215 16777215 16711422 16711422 16711678 16645629 16645629 16645629 16645629 16711422 16711422 16711422 16777215 16777215 16777215 16777215 16777215 16777215 16777215 16777215 16777215 16777215 16777215 16777215 16777215 16777215 16711422 16777215 16777215 16776191 16776959 16776191 16776447 16777215 16776703 16777215 16776447 16775935 16776959 16777215 16776958 16777215 16777215 16777215 16777215 16711422 16777215 16777215 16777215 16777215 16777215 16777215 16777215 16777215 16777215 16777215 16777215 16777215 16777215 16777215 
16777215 16777215 16777215 16777215 16777215 16777215 16777215 16777215 16777215 16777215 16777215 16777215 16777215 16777215 16777215 16777215 16777215 16777215 16777215 16777215 16777215 16777215 16777215 16777215 16777215 16777215 16777215 16777215 16777215 16777215 16777215 16645629 16711422 16777215 16777215 16777215 16777215 16711422 16777215 16777215 16777215 16777215 16777215 16645886 16646143 16645629 16645629 16645629 16711422 16777215 16777215 16777215 16777215 16777215 16777215 16777215 16777215 16777215 16777215 16777215 16777215 16777215 16777215 16777215 
16777215 16777215 16777215 16777215 16777215 16777215 16777215 16777215 16777215 16777215 16777215 16777215 16777215 16777215 16777215 16777215 16777215 16777215 16777215 16777215 16777215 16777215 16777215 16777215 16777215 16777215 16777215 16777215 16777215 16777215 16777215 16777215 16777215 16776959 16777215 16776959 16777215 16777215 16777215 16777215 16777215 16777215 16777215 16777215 16777215 16777215 16777215 16777215 16777215 16777215 16777215 16777215 16777215 16777215 16777215 16777215 16777215 16777215 16777215 16777215 16777215 16777215 16777215 16777215 
16777215 16777215 16777215 16777215 16777215 16777215 16777215 16777215 16777215 16777215 16777215 16777215 16777215 16777215 16777215 16777215 16777215 16777215 16777215 16777215 16777215 16777215 16777215 16777215 16777215 16777215 16777215 16777215 16777215 16777215 16777215 16777215 16777215 16777215 16777215 16777215 16777215 16777215 16777215 16777215 16777215 16777215 16777215 16777215 16777215 16777215 16777215 16777215 16777215 16777215 16777215 16777215 16777215 16777215 16777215 16777215 16777215 16777215 16777215 16777215 16777215 16777215 16777215 16777215 
16777215 16777215 16777215 16777215 16777215 16777215 16777215 16777215 16777215 16777215 16777215 16777215 16777215 16777215 16777215 16777215 16777215 16777215 16777215 16777215 16777215 16777215 16777215 16777215 16777215 16777215 16777215 16777215 16777215 16777215 16777215 16777215 16777215 16777215 16777215 16777215 16777215 16777215 16777215 16777215 16777215 16777215 16777215 16777215 16777215 16777215 16777215 16777215 16777215 16777215 16777215 16777215 16777215 16777215 16777215 16777215 16777215 16777215 16777215 16777215 16777215 16777215 16777215 16777215 
