Width: 64
Height: 64
Panels: 1 
16711422 16711422 16711422 16711422 16711422 16711422 16711422 16711422 16711422 16711422 16711422 16711422 16711422 16711422 16711422 16711422 16711422 16711422 16711422 16711422 16711422 16711422 16711422 16711422 16711422 16711422 16711422 16711422 16711422 16711422 16711422 16711422 16711422 16711422 16711422 16711422 16711422 16711422 16711422 16711422 16711422 16711422 16711422 16711422 16711422 16711422 16711422 16711422 16711422 16711422 16711422 16711422 16711422 16711422 16711422 16711422 16711422 16711422 16711422 16711422 16711422 16711422 16711422 16711422 
16711422 16711422 16711422 16711422 16711422 16711422 16711422 16711422 16711422 16711422 16711422 16711422 16711422 16711422 16711422 16711422 16711422 16711422 16711422 16711422 16711422 16711422 16711422 16711422 16711422 16711422 16711422 16711422 16711422 16711422 16711422 16711422 16711422 16711422 16711422 16711422 16711422 16711422 16711422 16711422 16711422 16711422 16645629 16579836 16645629 16711422 16711422 16711422 16711422 16711422 16711422 16711422 16711422 16711422 16711422 16711422 16711422 16711422 16711422 16711422 16711422 16711422 16711422 16711422 
16711422 16711422 16711422 16711422 16711422 16711422 16711422 16711422 16711422 16711422 16711422 16711422 16711422 16711422 16711422 16711422 16711422 16711422 16711422 16711422 16711422 16711422 16711422 16711422 16711422 16711422 16711422 16711422 16711422 16711422 16711422 16711422 16711422 16711422 16711422 16711422 16711422 16711422 16711422 16645629 16579836 16579836 16777215 16777215 16711422 16645629 16711422 16711422 16711422 16711422 16711422 16711422 16711422 16711422 16711422 16711422 16711422 16711422 16711422 16711422 16711422 16711422 16711422 16711422 
16711422 16711422 16711422 16711422 16711422 16711422 16711422 16711422 16711422 16711422 16711422 16711422 16711422 16711422 16711422 16711422 16711422 16711422 16711422 16711422 16711422 16711422 16711422 16711422 16711422 16711422 16711422 16711422 16711422 16711422 16711422 16711422 16711422 16711422 16711422 16711422 16711422 16711422 16645629 16777215 16777215 16777215 15592941 15198183 16514043 16777215 16711422 16711422 16711422 16711422 16711422 16711422 16711422 16711422 16711422 16711422 16711422 16711422 16711422 16711422 16711422 16711422 16711422 16711422 
16711422 16711422 16711422 16711422 16711422 16711422 16711422 16711422 16711422 16711422 16711422 16711422 16711422 16711422 16711422 16711422 16711422 16711422 16711422 16711422 16711422 16711422 16711422 16711422 16711422 16711422 16711422 16711422 16711422 16711422 16711422 16711422 16711422 16711422 16711422 16711422 16711422 16514043 16777215 15789808 10986407 14737376 9276557 0 15461355 16777215 16645629 16711422 16711422 16711422 16711422 16711422 16711422 16711422 16711422 16711422 16711422 16711422 16711422 16711422 16711422 16711422 16711422 16711422 
16711422 16711422 16711422 16711422 16711422 16711422 16711422 16711422 16711422 16711422 16711422 16711422 16711422 16711422 16711422 16711422 16711422 16711422 16711422 16711422 16711422 16711422 16711422 16711422 16711422 16711422 16711422 16711422 16711422 16711422 16711422 16711422 16711422 16711422 16711422 16645629 16711422 16777215 16777215 12567231 37376 3579958 5418066 49152 9807509 16777215 16645885 16711422 16711422 16711422 16711422 16711422 16711422 16711422 16711422 16711422 16645629 16579836 16579836 16711422 16711422 16711422 16711422 16711422 
16711422 16711422 16711422 16711422 16711422 16711422 16711422 16711422 16711422 16711422 16711422 16711422 16711422 16711422 16711422 16711422 16711422 16711422 16711422 16711422 16711422 16711422 16711422 16711422 16711422 16711422 16711422 16711422 16711422 16711422 16711422 16711422 16711422 16711422 16645629 16777215 16776703 12041143 10391966 2717225 4381506 3305266 2534950 49920 8032890 16777215 16645885 16711422 16711422 16711422 16711422 16711422 16711422 16711422 16711422 16645629 16777215 16777215 16777215 16580092 16580092 16645629 16711422 16711422 
16711422 16711422 16711422 16711422 16711422 16711422 16711422 16711422 16711422 16711422 16711422 16711422 16711422 16711422 16711422 16711422 16711422 16711422 16711422 16711422 16711422 16711422 16711422 16711422 16711422 16711422 16711422 16711422 16711422 16711422 16711422 16711422 16711422 16645629 16711678 16777215 10793892 45568 34816 37632 5422674 14473180 8884359 8622211 14408923 16777215 16645629 16711422 16711422 16711422 16711422 16711422 16711422 16711422 16579836 16777215 15263208 13683152 14671327 16777215 16777215 16777215 16711422 16711422 
16711422 16711422 16711422 16711422 16711422 16711422 16711422 16711422 16711422 16711422 16711422 16711422 16711422 16711422 16711422 16711422 16711422 16711422 16711422 16711422 16711422 16711422 16711422 16711422 16711422 16711422 16711422 16711422 16711422 16711422 16711422 16711422 16711422 16645629 16777215 10919590 36096 4577349 4444483 2085663 5408082 14933731 8816006 8683396 14803425 16777215 16579836 16579836 16645629 16645629 16645629 16645629 16645629 16514043 16777215 15591405 2198561 41472 1269779 9540241 11516079 16579836 16711422 16645629 
16711422 16711422 16711422 16711422 16711422 16711422 16711422 16711422 16711422 16711422 16711422 16711422 16711422 16711422 16711422 16711422 16711422 16711422 16711422 16711422 16711422 16711422 16711422 16711422 16711422 16711422 16711422 16711422 16711422 16711422 16711422 16711422 16711422 16645885 16777215 7836279 50432 4050493 3723320 380933 6855528 11380397 0 0 14342874 16777215 16777215 16777215 16777215 16777215 16777215 16777215 16777215 16777215 16777215 11515567 46080 5038924 2995757 35328 43520 13157320 16777215 16579836 
16711422 16711422 16711422 16711422 16711422 16711422 16711422 16711422 16711422 16711422 16711422 16711422 16711422 16711422 16711422 16711422 16711422 16711422 16711422 16711422 16711422 16711422 16711422 16711422 16711422 16711422 16711422 16711422 16711422 16711422 16711422 16711422 16711422 16580092 16777215 7637876 50176 3984188 3190832 704522 5737303 14801889 9212044 0 7762806 8493953 11184042 15854065 15394794 15920882 12895684 9873046 15658734 15920882 11841972 29952 3984956 1799451 2661672 3828794 21248 12894916 16777215 16579836 
16711422 16711422 16711422 16711422 16711422 16711422 16711422 16711422 16711422 16711422 16711422 16711422 16711422 16711422 16711422 16711422 16711422 16711422 16711422 16711422 16711422 16711422 16711422 16711422 16711422 16711422 16711422 16711422 16711422 16711422 16711422 16711422 16645629 16777215 16777215 12497854 24576 3588918 2527782 1943837 4172351 11512239 10723235 0 37376 43776 32000 2268962 553736 1271827 45824 47104 0 1672473 43008 2265890 3195184 1855516 1859100 3045678 0 13092551 16777215 16579836 
16711422 16711422 16711422 16711422 16711422 16711422 16711422 16711422 16711422 16711422 16711422 16711422 16711422 16711422 16711422 16711422 16711422 16711422 16711422 16711422 16711422 16711422 16711422 16711422 16711422 16711422 16711422 16711422 16711422 16711422 16711422 16579836 16777215 14934499 7764086 8235901 3063086 2996269 3129391 3659063 3200048 45824 33024 3128367 3520821 3117871 4315457 2866731 676618 2800426 3922491 3451700 2003486 3397171 3589430 2196257 3328562 1665561 2132512 3910715 0 12566719 16777215 16579836 
16711422 16711422 16711422 16711422 16711422 16711422 16711422 16711422 16711422 16711422 16711422 16711422 16711422 16711422 16711422 16711422 16711422 16711422 16711422 16711422 16711422 16711422 16711422 16711422 16711422 16711422 16711422 16711422 16711422 16711422 16645629 16711422 16777215 8751237 40448 52224 2796586 131074 0 1868828 2791466 2738985 50944 3660343 3061550 2006046 53504 2859819 3123503 3658039 3328050 1934365 3855418 3855162 3261745 2863659 3395123 3460404 4181823 2741801 5030732 15394538 16777215 16645629 
16711422 16711422 16711422 16711422 16711422 16711422 16711422 16711422 16711422 16711422 16711422 16711422 16711422 16711422 16711422 16711422 16711422 16711422 16711422 16711422 16711422 16711422 16711422 16711422 16711422 16711422 16711422 16711422 16711422 16711422 16645885 16777215 12699073 1815067 4249152 3119663 1534743 2930220 3523637 46592 6603876 12634048 8167292 3915323 39680 11650737 10140826 55040 2150944 2935852 3526965 3458356 43264 45824 3723832 3855418 3526965 3068718 51200 40192 10992551 16777215 16580092 16711422 
16711422 16711422 16711422 16711422 16711422 16711422 16711422 16711422 16711422 16711422 16711422 16711422 16711422 16711422 16711422 16711422 16711422 16711422 16711422 16711422 16711422 16711422 16711422 16711422 16711422 16711422 16711422 16711422 16711422 16645629 16777215 16118005 3442740 1626392 3721784 3394867 3461428 3461172 3526453 3461940 2344995 12433853 11517615 45824 40448 8167292 9083018 28928 6598500 4639046 3195184 43008 9135499 10990247 49920 51456 2728489 2982189 11323820 12630464 16579068 16711678 16645629 16711422 
16711422 16711422 16711422 16711422 16711422 16711422 16711422 16711422 16711422 16711422 16711422 16711422 16711422 16711422 16711422 16711422 16711422 16711422 16711422 16711422 16711422 16711422 16711422 16711422 16711422 16711422 16711422 16711422 16711422 16645629 16777215 16118005 3311410 2741289 4247104 3263025 3394099 3328306 3328306 3525173 2608423 1222673 765711 3135543 4577862 2149151 50432 4693319 11971766 7447153 36352 1607192 5148494 5675862 3500597 9341326 39168 11251371 13617103 14343386 16777215 16579836 16711422 16711422 
16711422 16711422 16711422 16711422 16711422 16711422 16711422 16711422 16711422 16711422 16711422 16711422 16711422 16711422 16711422 16711422 16711422 16711422 16711422 16711422 16711422 16711422 16711422 16711422 16711422 16711422 16711422 16711422 16711422 16711422 16645885 16777215 12765122 40960 50432 4183359 3724088 3920699 3527477 3461428 3525429 3527734 3593012 3256832 45312 46336 47360 47360 35072 43520 49664 4182079 2412324 774411 4437827 8167804 30464 11908277 15790576 16579836 16711422 16711422 16711422 16711422 
16711422 16711422 16711422 16711422 16711422 16711422 16711422 16711422 16711422 16711422 16711422 16711422 16711422 16711422 16711422 16711422 16711422 16711422 16711422 16711422 16711422 16711422 16711422 16711422 16711422 16711422 16711422 16711422 16711422 16711422 16645629 16711422 16777215 13486285 8101755 37888 37888 38912 2529062 2730281 3461686 3193382 2463029 896905 10596777 11776433 11448495 11514031 11516079 11975350 8485761 44288 4708423 4510276 4248128 35840 10333853 16710654 16777215 16645629 16711422 16711422 16711422 16711422 
16711422 16711422 16711422 16711422 16711422 16711422 16711422 16711422 16711422 16711422 16711422 16711422 16711422 16711422 16711422 16711422 16711422 16711422 16711422 16711422 16711422 16711422 16711422 16711422 16711422 16711422 16711422 16711422 16711422 16711422 16711422 16645629 16579836 16777215 16381689 14801889 15195879 8489601 41728 3455796 3527482 3126528 1938545 2031578 15859711 16777215 16777215 16777215 16777215 16777215 16644861 8956552 43264 44288 45056 5997147 15131110 16777215 16514043 16711422 16711422 16711422 16711422 16711422 
16711422 16711422 16711422 16711422 16711422 16711422 16711422 16711422 16711422 16711422 16711422 16711422 16711422 16711422 16711422 16711422 16711422 16711422 16711422 16711422 16711422 16711422 16711422 16711422 16711422 16711422 16711422 16711422 16711422 16711422 16711422 16711422 16711422 16579836 16777215 16777215 16777215 15262696 38912 3920443 3394356 2595848 2939569 48017 15397614 16777215 16448507 16579836 16579836 16514043 16777215 16315896 12368316 12434365 12697281 16579068 16777215 16645629 16711422 16711422 16711422 16711422 16711422 16711422 
16711422 16711422 16711422 16711422 16711422 16711422 16711422 16711422 16711422 16711422 16711422 16711422 16711422 16711422 16711422 16711422 16711422 16711422 16711422 16711422 16711422 16711422 16711422 16711422 16711422 16711422 16711422 16711422 16711422 16711422 16711422 16711422 16711422 16711422 16645629 16514299 16777215 13357003 27648 2655784 2198822 1133824 2933921 62143 8758424 16051953 16777215 16645629 16711422 16711422 16645629 16777215 16777215 16777215 16777215 16711678 16711166 16711422 16711422 16711422 16711422 16711422 16711422 16711422 
16711422 16711422 16711422 16711422 16711422 16711422 16711422 16711422 16711422 16711422 16711422 16711422 16711422 16711422 16711422 16711422 16711422 16711422 16711422 16711422 16711422 16711422 16711422 16711422 16711422 16711422 16711422 16711422 16711422 16711422 16711422 16711422 16711422 16711422 16711422 16645885 16776959 6853480 52224 3919163 3461174 3128868 1270316 3520917 0 13093317 16777215 16514043 16711422 16711422 16711422 16645629 16579836 16579836 16579836 16645629 16711422 16711422 16711422 16711422 16711422 16711422 16711422 16711422 
16711422 16711422 16711422 16711422 16711422 16711422 16711422 16711422 16711422 16711422 16711422 16711422 16711422 16711422 16711422 16711422 16711422 16711422 16711422 16711422 16711422 16711422 16711422 16711422 16711422 16711422 16711422 16711422 16711422 16711422 16711422 16711422 16711422 16711422 16448506 16777215 15722223 5339985 1953053 3722296 3394354 3461174 3262254 3650816 34560 11189930 16777215 16711678 16514043 16579836 16711422 16711422 16711422 16711422 16711422 16711422 16711422 16711422 16711422 16711422 16711422 16711422 16711422 16711422 
16711422 16711422 16711422 16711422 16711422 16711422 16711422 16711422 16711422 16711422 16711422 16711422 16711422 16711422 16711422 16711422 16711422 16711422 16711422 16711422 16711422 16711422 16711422 16711422 16711422 16711422 16711422 16711422 16711422 16711422 16711422 16711422 16645629 16645629 16777215 15657454 5871961 34560 3919163 3328818 3394611 3394354 3394869 3461692 3985213 25344 11250603 16777215 16777215 16777215 16645885 16645629 16645629 16711422 16711422 16711422 16711422 16711422 16711422 16711422 16711422 16711422 16711422 16711422 
16711422 16711422 16711422 16711422 16711422 16711422 16711422 16711422 16711422 16711422 16711422 16711422 16711422 16711422 16711422 16711422 16711422 16711422 16711422 16711422 16711422 16711422 16711422 16711422 16711422 16711422 16711422 16711422 16711422 16711422 16711422 16514043 16777215 16711678 13682896 6923881 45824 3982396 3395891 3460916 3328562 3394611 3394355 3328562 3460404 3789113 44800 11318188 13617359 13815506 16777215 16777215 16777215 16579836 16711422 16711422 16711422 16711422 16711422 16711422 16711422 16711422 16711422 16711422 
16711422 16711422 16711422 16711422 16711422 16711422 16711422 16711422 16711422 16711422 16711422 16711422 16711422 16711422 16711422 16711422 16711422 16711422 16711422 16711422 16711422 16711422 16711422 16711422 16711422 16711422 16711422 16711422 16711422 16711422 16579836 16777215 16777215 10527392 39168 2674984 3051310 2931244 2530598 2863659 3594038 3394611 3394355 3394355 3328818 3459892 3985980 46592 41472 42496 8427392 10196635 16579068 16777215 16579836 16711166 16711422 16711422 16711422 16711422 16711422 16711422 16711422 16711422 
16711422 16711422 16711422 16711422 16711422 16711422 16711422 16711422 16711422 16711422 16711422 16711422 16711422 16711422 16711422 16711422 16711422 16711422 16711422 16711422 16711422 16711422 16711422 16711422 16711422 16711422 16711422 16711422 16711422 16579836 16777215 14604510 9807253 37120 4313409 3921979 2199841 3062062 2862891 2066463 2464805 3328306 3527481 3527222 3394356 3395125 3394355 3985468 4379970 3789113 50432 37632 8888455 14077910 16777215 16645629 16645629 16711422 16711422 16711422 16711422 16711422 16711422 16711422 
16711422 16711422 16711422 16711422 16711422 16711422 16711422 16711422 16711422 16711422 16711422 16711422 16711422 16711422 16711422 16711422 16711422 16711422 16711422 16711422 16711422 16711422 16711422 16711422 16711422 16711422 16711422 16711422 16645629 16777215 14079190 39168 48640 4314177 3461428 2664488 2199073 3460660 3527221 3394099 2797098 1733915 2529792 3062054 3460656 3261742 3329334 3853882 3393843 3394099 4050237 4445763 48896 23296 13158856 16777215 16711422 16645629 16711422 16711422 16711422 16711422 16711422 16711422 
16711422 16711422 16711422 16711422 16711422 16711422 16711422 16711422 16711422 16711422 16711422 16711422 16711422 16711422 16711422 16711422 16711422 16711422 16711422 16711422 16711422 16711422 16711422 16711422 16711422 16711422 16711422 16645629 16777215 13946836 40192 2806570 4378690 3263025 3394355 1467926 2929708 3526965 3328306 3394355 3594294 2530851 1478269 206381 2066212 1137692 2460672 51968 3723576 3919419 3263025 3262769 4181823 3658807 42240 12895428 16777215 16777215 16579836 16711422 16711422 16711422 16711422 16711422 
16711422 16711422 16711422 16711422 16711422 16711422 16711422 16711422 16711422 16711422 16711422 16711422 16711422 16711422 16711422 16711422 16711422 16711422 16711422 16711422 16711422 16711422 16711422 16711422 16711422 16711422 16579836 16777215 15394794 20224 2541606 3919163 3329842 3261233 1269011 3128623 3527221 3328562 3394611 3328562 3527737 2596096 2809526 3340999 3009215 3207106 34667 7109730 41728 50176 4511812 3591734 3263281 3722040 3265073 1027855 7235950 15460075 16777215 16645373 16711422 16711422 16711422 16711422 
16711422 16711422 16711422 16711422 16711422 16711422 16711422 16711422 16711422 16711422 16711422 16711422 16711422 16711422 16711422 16711422 16711422 16711422 16711422 16711422 16711422 16711422 16711422 16645629 16645629 16645629 16579836 16777215 14867682 38912 4052029 3328562 3394867 2464805 2929708 3527221 3394099 3394611 3394355 3394868 3328308 1400576 2875316 3538899 3407820 4194262 56233 14208981 15065318 7903864 23296 2996781 3657527 3263281 3590966 3854650 45312 5215055 15394282 16777215 16645629 16711422 16711422 16711422 
16711422 16711422 16711422 16711422 16711422 16711422 16711422 16711422 16711422 16711422 16711422 16711422 16711422 16711422 16711422 16711422 16711422 16711422 16711422 16711422 16711422 16645629 16514043 16711422 16777215 16777215 16514299 16777215 15393002 37632 3723832 3592758 2663720 2531110 3593782 3328562 3394611 3394611 3394355 3461435 3127296 2008451 3604438 3473359 3473360 3997648 65480 11789521 16777215 15921651 10522784 3895867 2937132 3590966 3328818 3394355 4641862 37120 7436657 16777215 16711422 16645629 16711422 16711422 
16711422 16711422 16711422 16711422 16711422 16711422 16711422 16711422 16711422 16711422 16711422 16711422 16711422 16711422 16711422 16711422 16711422 16711422 16711422 16711422 16645629 16777215 16777215 16777215 15525356 16447738 16777215 15988211 10201243 39424 3920955 3262001 2132512 3328050 3394867 3394355 3394611 3394611 3394613 3394862 3129660 2740901 3075004 3008440 3008184 3140796 3665599 14080 12104629 16777215 16777215 13750481 37376 4117566 3328562 3460916 3585334 39424 7184493 16710142 16711678 16645629 16711422 16711422 
16711422 16711422 16711422 16711422 16711422 16711422 16711422 16711422 16711422 16711422 16711422 16711422 16711422 16711422 16711422 16711422 16711422 16711422 16711422 16645629 16777215 15921906 12828867 11318956 33792 9283981 12637376 2928940 44544 3394867 3593782 2730537 2597415 3527221 3394099 3394611 3394611 3394611 3394356 3526958 1934383 2076047 2274702 2208654 2208141 2208654 4194253 36198 10062224 16777215 16645629 16513787 7563379 38912 3985724 3658807 229633 36608 6783848 16710910 16711678 16645629 16711422 16711422 
16711422 16711422 16711422 16711422 16711422 16711422 16711422 16711422 16711422 16711422 16711422 16711422 16711422 16711422 16711422 16711422 16711422 16711422 16711422 16645629 16777215 14341845 3447965 27960 3523611 50944 35328 1212434 1643801 2596647 3195696 1800219 3261489 3460660 3394355 3394611 3394611 3394355 3527225 2796032 2541471 3604437 3538898 3538898 3538898 3473360 4390870 36966 9930894 16777215 16514043 16777215 16184054 6128735 1624864 28416 11907245 29826 13427428 16777215 16645629 16711422 16711422 16711422 
16711422 16711422 16711422 16711422 16711422 16711422 16711422 16711422 16711422 16711422 16711422 16711422 16711422 16711422 16711422 16711422 16711422 16711422 16645629 16777215 16448506 9341838 6649709 1622824 3786295 3854907 4181823 1331476 1458966 3050286 0 537608 3262001 3395123 3394355 3394611 3394611 3328562 3527997 2462720 2609323 3538897 3341000 3341514 3341513 3472585 3473368 1810306 13878477 16777215 16579836 16645885 16776703 6655069 836608 0 14012885 13225419 15922163 16777215 16645629 16711422 16711422 16711422 
16711422 16711422 16711422 16711422 16711422 16711422 16711422 16711422 16711422 16711422 16711422 16711422 16711422 16711422 16711422 16711422 16711422 16711422 16711422 16645629 16777215 14474205 8354931 4102669 2987570 3785272 2666536 3063854 1796891 2715689 2396964 2000158 3129135 3460916 3394355 3394611 3394611 3394357 3526959 2996800 2942908 3604438 3473361 3538897 3538898 3473357 2548919 3910009 6779483 13617360 16777215 16645885 16776445 9743270 29780 14737373 16579836 16777215 16777215 16645629 16711422 16711422 16711422 16711422 
16711422 16711422 16711422 16711422 16711422 16711422 16711422 16711422 16711422 16711422 16711422 16711422 16711422 16711422 16711422 16711422 16711422 16711422 16711422 16645629 16777215 15986413 12248555 5951416 48896 36096 2779946 3454516 1665817 2399780 3461428 2265378 3128879 3460916 3394355 3394611 3394355 3394871 3327517 2136410 2208914 2142090 2142091 2208140 2008708 3007926 2141326 2597120 50432 35328 13620175 16777215 16777215 14873073 10796738 16777215 16777215 16514043 16645629 16711422 16711422 16711422 16711422 16711422 
16711422 16711422 16711422 16711422 16711422 16711422 16711422 16711422 16711422 16711422 16711422 16711422 16711422 16711422 16711422 16711422 16711422 16711422 16711422 16645629 16777215 16184821 15924733 15136499 10792610 8818311 25856 2781994 3062830 3593782 3394611 3261745 3394099 3394611 3394611 3394611 3394611 3395129 3326976 2470515 3141826 3074747 3075004 3075260 3074746 3208904 2205296 3327507 4182082 3069486 35072 15656941 16777215 16250357 16644858 16777215 16645629 16711422 16711422 16711422 16711422 16711422 16711422 16711422 
16711422 16711422 16711422 16711422 16711422 16711422 16711422 16711422 16711422 16711422 16711422 16711422 16711422 16711422 16711422 16711422 16711422 16711422 16711422 16711422 16645629 16777215 16381686 10984353 11117481 8747653 7680 3391539 3461428 3328306 3394355 3527221 3394867 3394355 3394611 3394611 3394355 3461691 2595840 2272119 3538899 3473359 3473360 3407821 3604440 2609065 2662912 3527222 3262770 4116286 47872 10594721 16776959 16711679 16711679 16645629 16711422 16711422 16711422 16711422 16711422 16711422 16711422 16711422 
16711422 16711422 16711422 16711422 16711422 16711422 16711422 16711422 16711422 16711422 16711422 16711422 16711422 16711422 16711422 16711422 16711422 16711422 16711422 16645629 16448250 16777215 11053481 0 12800 6912 3523125 3461428 3328562 3394611 3395123 2928940 3393587 3460660 3394355 3394611 3394355 3394868 3262262 1266176 2742704 3538897 3341257 3538898 3407824 2270310 3326979 3395130 3394354 3918907 51968 7516274 16777215 16645629 16645629 16711422 16711422 16711422 16711422 16711422 16711422 16711422 16711422 16711422 
16711422 16711422 16711422 16711422 16711422 16711422 16711422 16711422 16711422 16711422 16711422 16711422 16711422 16711422 16711422 16711422 16711422 16711422 16645629 16777215 16777215 16777215 11317420 34816 4291137 2988333 3527733 3328306 3394611 3328562 3657527 3257393 2596903 3854394 3460148 3394355 3394611 3328562 3527993 2928896 1409128 3407564 3473361 3407561 1476984 1997824 3527484 3394098 3394611 3722296 1165841 7525490 15987443 16777215 16645629 16711422 16711422 16711422 16711422 16711422 16711422 16711422 16711422 16711422 
16711422 16711422 16711422 16711422 16711422 16711422 16711422 16711422 16711422 16711422 16711422 16711422 16711422 16711422 16711422 16711422 16711422 16645629 16777215 16053492 12303035 12961221 8223101 23552 3522101 3395123 3394099 3394611 3328818 3854138 3067694 52480 27904 31232 3330354 3394355 3394611 3394611 3394358 3460647 1934392 3407824 2609318 0 666624 2398249 3262000 3394868 3263281 4115774 905229 2407204 14802913 16777215 16645629 16711422 16711422 16711422 16711422 16711422 16711422 16711422 16711422 16711422 
16711422 16711422 16711422 16711422 16711422 16711422 16711422 16711422 16711422 16711422 16711422 16711422 16711422 16711422 16711422 16711422 16711422 16514043 16777215 15131878 13312 30720 24320 3324722 3461684 3394355 3394355 3394355 4051261 1885468 39680 13490125 15986931 10461855 47872 3788601 3394355 3394611 3394355 3460657 3063353 1209694 1336076 1600256 2996275 3594038 3395123 3394867 3788345 1362452 3193904 11125929 16777215 16645629 16711422 16711422 16711422 16711422 16711422 16711422 16711422 16711422 16711422 16711422 
16711422 16711422 16711422 16711422 16711422 16711422 16711422 16711422 16711422 16711422 16711422 16711422 16711422 16711422 16711422 16711422 16645629 16777215 16777215 15329001 1670425 4031549 3056686 3528245 3393843 3328818 3722552 4117054 48384 20224 13617359 16777215 16777215 15920626 33536 3461684 3459892 3394611 3394355 3460916 3194926 1526016 3262512 3660602 3460659 3460915 3262001 3524661 2805546 4104254 14802145 16777215 16579836 16711422 16711422 16711422 16711422 16711422 16711422 16711422 16711422 16711422 16711422 16711422 
16711422 16711422 16711422 16711422 16711422 16711422 16711422 16711422 16711422 16711422 16711422 16711422 16711422 16711422 16711422 16645629 16777215 15000292 14605278 15197927 542472 2330915 3394099 3394355 3263025 3985212 2871083 27648 10264476 16184566 16777215 16580092 16777215 16185078 6909033 46848 3985980 3328818 3394355 3526453 2867500 2469164 4314690 3328050 3395123 2996269 2198305 2317603 0 14342618 16777215 16514299 16711422 16711422 16711422 16711422 16711422 16711422 16711422 16711422 16711422 16711422 16711422 16711422 
16711422 16711422 16711422 16711422 16711422 16711422 16711422 16711422 16711422 16711422 16711422 16711422 16711422 16711422 16645629 16579836 16777215 9283981 23296 8487297 2850347 3198512 3460660 3394099 4510276 49920 6529891 13814482 16579580 16777215 16645373 16711422 16645629 16777215 15723247 5872985 1625112 3722296 3394355 3198512 3981884 2925868 48896 4117310 3591990 2864171 3328306 3454772 39680 10530720 16645117 16645885 16711422 16711422 16711422 16711422 16711422 16711422 16711422 16711422 16711422 16711422 16711422 16711422 
16711422 16711422 16711422 16711422 16711422 16711422 16711422 16711422 16711422 16711422 16711422 16711422 16711422 16711422 16777215 16645885 15986931 7909752 1216274 32512 3264049 3394867 3525173 3921211 41216 4609862 15526636 16777215 16645885 16579836 16711422 16711422 16579836 16777215 13881811 42752 3789113 3459892 3722040 51968 6789735 14143191 9151115 39680 2606887 3723832 3329074 3854394 513031 5745239 16776959 16777215 16645629 16711422 16711422 16711422 16711422 16711422 16711422 16711422 16711422 16711422 16711422 16711422 
16711422 16711422 16711422 16711422 16711422 16711422 16711422 16711422 16711422 16711422 16711422 16711422 16711422 16579836 16185078 16777215 13948116 6144 3506997 3854138 3394867 3721784 3461684 43520 12500414 15986931 16777215 16514043 16645629 16711422 16711422 16645629 16777215 16185334 6969962 45312 3920699 3328562 3722296 2086175 5935962 16776191 16777215 14537693 6922345 51712 3787833 3459636 2804266 4829001 9089162 15920626 16777215 16645373 16711422 16711422 16711422 16711422 16711422 16711422 16711422 16711422 16711422 16711422 
16711422 16711422 16711422 16711422 16711422 16711422 16711422 16711422 16711422 16711422 16645629 16579836 16777215 16514043 9473424 13356235 10789284 23808 3256881 3461172 3721528 3527477 42496 12895428 16777215 16777215 16579836 16711422 16711422 16711422 16711422 16645629 16777215 15921138 19456 3064622 3526197 3328818 3918651 40704 4353090 16315896 16777215 16777215 7573363 51456 3984444 3395380 3658039 2065951 41472 12173497 16777215 16645629 16711422 16711422 16711422 16711422 16711422 16711422 16711422 16711422 16711422 16711422 
16711422 16711422 16579836 16645629 16711422 16645629 16711422 16645629 16579836 16579836 16777215 16777215 16777215 12829635 30720 22784 0 3391027 3461940 3918907 3200304 42496 13092551 16777215 16580092 16645373 16711422 16711422 16711422 16711422 16711422 16645629 16777215 14936291 3654711 3198768 3525429 3591222 2740777 492551 13485517 16777215 16579836 16777215 13883091 27648 3723065 2132241 1936153 3710521 34048 13225417 16777215 16645629 16711422 16711422 16711422 16711422 16711422 16711422 16711422 16711422 16711422 16711422 
16645629 16777215 16777215 16711422 16645629 16777215 16579836 16777215 16777215 16777215 16119285 11645361 16645117 11514799 26368 4428355 3322162 3592758 3985980 245507 34304 12962245 16777215 16580092 16711166 16711422 16711422 16711422 16711422 16711422 16711422 16580092 16777215 9347982 49920 4116030 3394355 4051261 39424 10921638 16777215 16579836 16579836 16777215 15262184 36352 4512834 3049282 3247159 8960 8022906 16579836 16777215 16645629 16711422 16711422 16711422 16711422 16711422 16711422 16711422 16711422 16711422 16711422 
16777215 16382457 14277081 16645629 16777215 15855857 16777215 16185334 14342618 16053236 10463391 27136 6915689 5254480 425990 3525941 4248896 3588150 32256 9476240 15854577 16777215 16645885 16645629 16711422 16711422 16711422 16711422 16711422 16711422 16514043 16777215 14736608 34048 3591734 3459892 3919931 46848 10730915 14213336 14999268 16777215 16777215 16777215 16777215 10332830 0 39308 9678242 12630204 15856626 16777215 16645629 16711422 16711422 16711422 16711422 16711422 16711422 16711422 16711422 16711422 16711422 16711422 
16711422 16645629 9145227 11381933 13553870 2513958 15394026 14341082 0 11249835 9604754 36352 25088 29952 4117310 3920699 49920 23040 9337998 16711166 16777215 16645629 16711166 16711422 16711422 16711422 16711422 16711422 16711422 16645373 16777215 16710910 9209996 34560 4051005 3328818 3394611 3394355 3461428 771595 23808 13291210 16776191 16118005 16777215 12893892 12762563 9275788 14013397 16777215 16776959 16645629 16711422 16711422 16711422 16711422 16711422 16711422 16711422 16711422 16711422 16711422 16711422 16711422 
16645629 16777215 16777215 14935011 9934231 11776 30208 4889930 110849 4563781 4686151 3518005 4049213 2149920 50176 39680 9084298 14606302 16777215 16777215 16579836 16711422 16711422 16711422 16711422 16711422 16711422 16711422 16645629 16777215 16776191 9283213 46336 4181823 3328818 3460148 3394355 3394355 3263793 3589430 1547543 618249 6326368 4820041 8554114 13688273 15462121 16777215 16777215 16645629 16645629 16711422 16711422 16711422 16711422 16711422 16711422 16711422 16711422 16711422 16711422 16711422 16711422 16711422 
16711422 16645629 16711422 16777215 16777215 14870754 13758673 6724966 6003803 4114750 48128 47104 181506 5287504 9018761 14670303 16777215 16777215 16711422 16645629 16711422 16711422 16711422 16711422 16711422 16711422 16711422 16711422 16711678 16776447 8953992 49152 4772680 3854650 3920955 3787577 3919931 3853370 3919163 3520821 3649335 3122223 38144 2677032 18176 33024 8235147 16777215 16777215 16645886 16711422 16711422 16711422 16711422 16711422 16711422 16711422 16711422 16711422 16711422 16711422 16711422 16711422 16711422 
16711422 16711422 16645629 16645629 16645629 16777215 16777215 16446714 16644605 14672095 10527904 10725027 12435901 16513531 16579068 16777215 16645629 16645629 16645629 16711422 16711422 16711422 16711422 16711422 16711422 16711422 16711422 16711422 16711422 16776703 9873814 47616 970510 42752 37888 21504 45824 52992 50688 37888 45312 42240 0 39680 4352 21760 34417 2391426 13946830 16777215 16645629 16711422 16711422 16711422 16711422 16711422 16711422 16711422 16711422 16711422 16711422 16711422 16711422 16711422 
16711422 16711422 16711422 16711422 16711422 16579836 16580092 16777215 16777215 16777215 16777215 16777215 16777215 16777215 16711678 16579836 16711422 16711422 16711422 16711422 16711422 16711422 16711422 16711422 16711422 16711422 16711422 16711422 16645629 16777215 16776959 10530208 5211983 13224649 15327977 13683664 6781031 7444593 6065244 11123113 10261148 10333085 15263464 14670303 14737632 14737121 14736606 14342103 15066854 16777215 16645629 16711422 16711422 16711422 16711422 16711422 16711422 16711422 16711422 16711422 16711422 16711422 16711422 16711422 
16711422 16711422 16711422 16711422 16711422 16711422 16711422 16645629 16645629 16645629 16579836 16579836 16580092 16645629 16645629 16711422 16711422 16711422 16711422 16711422 16711422 16711422 16711422 16711422 16711422 16711422 16711422 16711422 16711422 16645629 16777215 16777215 16644605 16777215 16777215 16777215 16711166 16710398 16710142 16776959 16777215 16776959 16777215 16777215 16777215 16777215 16777215 16777215 16777215 16645629 16711422 16711422 16711422 16711422 16711422 16711422 16711422 16711422 16711422 16711422 16711422 16711422 16711422 16711422 
16711422 16711422 16711422 16711422 16711422 16711422 16711422 16711422 16711422 16711422 16711422 16711422 16711422 16711422 16711422 16711422 16711422 16711422 16711422 16711422 16711422 16711422 16711422 16711422 16711422 16711422 16711422 16711422 16711422 16711422 16645629 16645885 16711678 16645629 16579836 16579836 16711678 16711678 16711678 16645885 16645885 16711422 16579836 16579836 16579836 16579836 16579836 16579836 16645629 16711422 16711422 16711422 16711422 16711422 16711422 16711422 16711422 16711422 16711422 16711422 16711422 16711422 16711422 16711422 
16711422 16711422 16711422 16711422 16711422 16711422 16711422 16711422 16711422 16711422 16711422 16711422 16711422 16711422 16711422 16711422 16711422 16711422 16711422 16711422 16711422 16711422 16711422 16711422 16711422 16711422 16711422 16711422 16711422 16711422 16711422 16645629 16645629 16711422 16711422 16711422 16645629 16645629 16645629 16711422 16711422 16711422 16711422 16711422 16711422 16711422 16711422 16711422 16711422 16711422 16711422 16711422 16711422 16711422 16711422 16711422 16711422 16711422 16711422 16711422 16711422 16711422 16711422 16711422 
16711422 16711422 16711422 16711422 16711422 16711422 16711422 16711422 16711422 16711422 16711422 16711422 16711422 16711422 16711422 16711422 16711422 16711422 16711422 16711422 16711422 16711422 16711422 16711422 16711422 16711422 16711422 16711422 16711422 16711422 16711422 16711422 16711422 16711422 16711422 16711422 16711422 16711422 16711422 16711422 16711422 16711422 16711422 16711422 16711422 16711422 16711422 16711422 16711422 16711422 16711422 16711422 16711422 16711422 16711422 16711422 16711422 16711422 16711422 16711422 16711422 16711422 16711422 16711422 
16711422 16711422 16711422 16711422 16711422 16711422 16711422 16711422 16711422 16711422 16711422 16711422 16711422 16711422 16711422 16711422 16711422 16711422 16711422 16711422 16711422 16711422 16711422 16711422 16711422 16711422 16711422 16711422 16711422 16711422 16711422 16711422 16711422 16711422 16711422 16711422 16711422 16711422 16711422 16711422 16711422 16711422 16711422 16711422 16711422 16711422 16711422 16711422 16711422 16711422 16711422 16711422 16711422 16711422 16711422 16711422 16711422 16711422 16711422 16711422 16711422 16711422 16711422 16711422 
